population size at start: 10 interval: 40
4  150
21  572
37  950
5  150
33  408
52  1060
27  672
42  1075
27  560
64  1325
0  25
27  448
25  650
29  600
39  1000
43  956
35  756
3  100
23  600
12  260
31  640
31  800
6  105
4  100
4  75
9  120
2  51
3  120
7  168
23  480
29  630
3  96
45  490
34  1050
22  575
4  125
4  115
27  644
3  80
3  44
27  364
27  700
5  120
14  315
9  200
38  780
26  729
4  100
11  180
4  100
3  44
6  175
34  735
23  480
3  100
6  147
4  120
30  527
5  126
41  840
57  1218
30  930
43  936
23  720
3  72
21  528
21  572
24  625
28  638
21  440
5  120
14  315
35  900
5  150
23  480
30  775
4  100
5  150
27  700
3  120
7  128
29  540
6  196
3  108
19  500
30  775
27  448
6  182
23  600
29  510
57  1344
5  120
23  504
5  114
22  460
25  520
0  20
23  600
4  125
5  132
39  1000
3  84
24  550
25  650
27  700
5  120
5  132
23  600
27  588
28  580
4  125
3  120
7  160
23  480
4  115
11  300
38  585
28  638
26  594
26  540
28  725
3  104
32  594
44  960
29  450
27  700
5  126
46  1036
24  625
23  600
0  20
4  100
0  20
62  1329
27  616
25  520
23  552
13  294
6  112
25  390
23  600
13  350
6  140
27  672
59  1700
26  540
31  800
2  60
29  510
26  810
5  120
4  110
22  644
21  440
3  100
3  96
5  180
25  520
44  1305
6  231
7  200
0  20
4  125
4  150
28  580
10  220
34  875
3  100
22  575
44  905
22  575
1  50
24  625
2  66
30  775
4  125
58  1475
40  697
36  555
3  100
31  448
6  140
27  560
18  399
0  30
3  80
44  920
38  585
25  520
27  560
22  575
21  660
10  220
5  102
23  696
44  960
3  68
18  570
32  825
17  360
9  200
25  416
32  660
3  80
4  75
36  740
5  150
2  63
26  378
7  168
20  630
5  150
22  575
8  225
29  450
3  100
0  22
28  609
4  125
30  775
0  30
23  672
38  780
7  160
4  130
26  594
4  150
32  495
24  375
28  725
4  125
6  140
27  560
19  400
30  620
21  440
6  140
4  110
31  960
29  1050
21  638
5  120
8  207
6  154
38  624
12  260
6  210
2  75
9  250
23  480
2  87
3  64
24  625
3  80
21  660
29  600
6  210
32  528
25  520
4  100
3  120
7  128
5  96
0  30
41  630
7  160
29  900
21  374
22  460
6  140
3  120
23  528
29  600
27  476
36  740
3  100
20  525
25  780
5  126
28  493
5  150
5  150
10  275
17  540
30  620
40  820
27  560
34  875
6  140
6  140
33  850
21  550
4  150
1  56
27  812
27  448
15  400
45  990
30  558
3  84
10  297
6  175
54  1375
4  75
10  242
4  125
43  908
32  825
43  1100
26  675
57  1522
29  600
2  60
31  960
24  375
14  300
27  560
4  150
30  682
29  450
3  112
6  175
45  708
5  150
4  125
30  775
64  1925
18  285
23  504
40  944
36  740
11  240
2  75
26  675
6  154
36  925
28  725
28  725
6  175
58  1218
3  120
5  96
25  702
4  90
3  80
4  140
35  720
7  128
24  500
26  405
32  693
23  696
28  580
26  675
7  200
45  714
21  550
27  700
34  770
29  540
13  350
13  280
31  768
5  150
40  820
29  720
39  1000
25  780
25  546
43  760
4  125
30  620
4  150
3  104
5  120
3  80
4  110
6  140
30  775
33  680
26  540
7  160
1  48
6  210
4  100
4  105
33  442
30  930
5  180
32  825
1  60
31  800
4  105
23  384
6  140
3  104
53  1220
6  175
25  676
0  20
23  624
28  725
35  756
28  580
17  450
31  672
61  1302
5  180
6  175
5  150
5  120
4  150
21  660
5  180
30  775
4  135
26  675
5  132
22  460
5  108
16  187
33  1020
30  620
59  1500
2  66
5  66
4  150
38  585
56  1140
3  68
5  150
24  750
5  156
22  506
3  88
2  75
26  540
59  1200
26  540
4  125
6  210
21  550
4  100
26  675
34  875
34  735
22  575
4  150
0  25
27  476
24  650
1  46
10  275
2  90
24  625
28  725
44  725
65  1910
22  483
6  154
31  640
5  144
6  140
0  20
29  510
2  48
25  650
25  520
21  594
2  54
5  90
5  150
5  126
3  84
3  60
15  240
5  90
33  646
19  500
3  112
33  680
2  66
37  950
6  175
5  162
33  850
30  775
5  150
5  180
63  1280
5  120
5  108
3  100
36  925
36  925
5  180
23  600
29  750
6  140
26  567
total gen: 9438 | total tests: 220429
