population size at start: 20 interval: 40
6  308
34  1505
54  2510
62  2927
2  99
11  528
7  400
5  216
3  128
8  342
25  884
7  376
6  322
8  315
10  594
22  1035
10  495
46  1706
22  920
18  874
8  369
33  1496
21  770
7  328
5  258
6  385
12  442
5  252
5  246
35  1368
6  280
44  1500
4  175
36  1628
7  432
7  320
14  555
43  1408
34  1295
4  215
6  357
25  1040
23  1080
8  369
6  280
35  1440
15  720
39  1480
6  252
5  264
23  984
22  1058
4  250
21  836
24  875
21  880
7  376
2  126
27  1232
18  855
30  1519
11  516
23  1176
19  1020
23  888
15  672
5  270
6  385
21  990
30  1426
61  2790
41  1580
8  324
10  605
4  180
5  240
5  270
6  385
12  351
7  360
3  160
28  1218
5  294
24  1250
30  1333
2  144
15  720
3  172
12  650
22  1058
8  405
5  258
30  1395
5  288
3  168
39  1880
25  1118
12  507
12  585
25  1040
1  72
40  1886
7  376
6  343
4  205
17  810
14  675
10  385
3  200
13  434
4  215
6  350
8  414
5  276
7  440
11  564
25  962
5  318
1  80
4  235
4  185
34  1995
9  500
7  352
6  287
16  493
6  378
5  300
29  1200
13  560
19  1120
51  2436
11  600
8  486
4  280
4  250
6  329
6  336
3  184
8  378
33  1020
26  1080
23  1224
3  236
23  840
34  1225
2  165
5  198
7  376
24  1250
43  2088
4  260
15  896
39  1400
32  1287
9  390
4  180
4  175
7  328
8  369
25  910
4  285
25  1196
4  180
27  1624
4  200
9  470
24  1175
21  1012
4  205
7  360
2  141
3  196
5  276
11  480
9  380
9  400
6  252
0  35
21  1100
3  160
22  805
6  336
17  918
6  364
4  200
5  264
5  246
5  174
4  225
6  315
33  1224
6  322
6  329
25  936
36  1480
30  1426
14  600
5  210
4  270
20  882
6  294
28  1595
5  276
6  280
7  352
31  1472
71  3848
6  329
9  500
5  264
27  1036
28  1073
3  180
8  450
23  960
6  294
28  1102
62  2120
6  287
5  282
4  240
6  322
5  240
8  387
1  102
6  294
3  144
34  1155
2  135
26  1080
6  315
22  1150
8  450
5  330
3  156
27  868
7  424
3  240
51  1504
7  320
43  1984
32  1617
19  980
26  1215
15  480
35  1440
41  1108
30  1023
11  540
32  1386
24  1275
3  132
26  1026
10  440
33  1360
3  172
6  385
5  270
3  200
31  1248
4  230
28  1247
17  666
6  329
5  294
27  1400
28  1189
6  322
34  1470
40  1446
17  738
38  1560
29  1260
5  300
10  429
36  2035
28  1160
4  240
25  858
6  287
0  47
8  432
5  222
5  306
18  760
5  318
11  444
9  460
19  900
27  1288
6  378
43  1840
7  320
20  798
5  366
6  189
12  650
9  370
5  336
19  1020
54  2340
7  336
4  275
1  92
34  1400
3  156
6  315
30  1395
30  1240
29  720
7  320
7  320
6  287
10  429
9  430
25  910
5  276
27  1288
22  1104
22  897
7  424
2  120
31  1280
2  102
45  1912
25  1092
27  1652
31  1312
27  868
27  1120
6  350
16  799
9  480
3  200
22  1127
42  1815
7  312
26  1107
26  1242
16  765
6  315
6  329
8  486
15  784
5  252
13  574
5  234
26  1215
14  615
28  1305
35  1296
4  210
20  1113
32  1485
6  259
8  432
6  252
32  1584
3  180
11  480
6  322
35  1836
12  546
4  235
3  140
5  288
4  235
7  304
41  1562
7  320
11  456
6  273
21  1122
35  1296
6  315
31  1280
9  510
7  336
7  400
7  320
5  234
25  1040
16  799
27  1148
27  1288
6  315
5  252
7  400
5  204
26  972
6  245
3  148
7  328
6  350
24  1200
4  215
5  306
7  320
7  344
12  572
20  966
4  195
5  246
6  301
24  1025
29  900
22  1012
29  1410
20  1050
7  400
4  250
6  280
22  1058
28  1247
15  656
31  1280
7  280
3  168
5  282
3  160
7  440
5  276
38  1599
8  405
7  360
5  258
8  423
25  1118
16  612
13  686
23  840
17  702
1  94
10  429
6  413
9  420
7  360
47  1920
5  234
5  270
6  385
11  504
15  592
43  1588
8  288
25  1066
6  336
31  1216
7  328
8  360
23  864
25  832
2  105
7  408
6  287
7  232
23  960
4  185
33  1734
5  360
3  204
15  784
7  344
6  343
6  294
5  264
29  1260
33  1530
4  275
6  364
16  527
7  472
7  304
47  1968
39  1600
6  287
9  440
7  328
6  392
9  350
5  228
12  546
6  336
39  1640
19  960
55  2272
37  1520
2  108
7  304
7  320
6  322
7  320
6  371
27  1344
2  150
6  385
31  1152
6  329
6  252
26  1215
6  315
7  360
18  779
10  473
3  200
4  230
8  297
5  246
58  2851
4  200
39  1360
4  225
22  667
7  360
5  264
5  270
5  276
5  276
5  300
12  585
5  216
4  235
27  1148
12  455
7  320
6  315
10  429
29  1500
5  276
24  1150
7  360
7  344
3  172
32  1287
18  779
28  1247
29  1200
5  300
24  875
6  343
7  336
28  1160
29  1290
16  680
22  920
6  252
5  294
4  185
7  368
22  1012
32  1320
5  294
6  329
6  329
41  1906
6  343
2  93
5  300
4  250
61  3436
30  1395
7  336
14  615
30  1426
4  215
36  1480
64  2965
25  884
3  192
10  484
22  966
30  1209
6  308
5  330
26  1350
21  946
31  1120
22  1058
4  235
14  510
10  440
23  960
5  198
8  414
9  430
26  972
6  329
31  1440
33  1258
7  440
7  312
8  360
9  410
6  280
5  222
6  322
10  550
29  1200
1  80
4  245
33  1496
4  250
46  1983
29  1500
34  1400
5  264
6  287
11  432
5  246
29  1530
29  1260
25  1196
19  1040
8  540
6  287
7  304
29  1350
28  1421
10  352
4  210
6  350
29  1110
18  684
5  186
6  294
5  222
23  1104
27  1400
24  975
7  384
30  1426
34  1330
12  520
32  990
19  900
26  1215
25  1196
7  336
6  280
33  1734
21  1100
4  225
7  360
13  588
17  828
24  1000
37  2280
6  301
4  220
32  1716
5  246
1  80
28  1392
9  380
4  230
7  400
5  228
7  360
34  1785
7  400
7  368
10  462
1  76
9  450
21  1210
27  980
12  585
8  378
5  240
25  988
2  111
7  368
12  637
8  342
4  225
6  357
7  360
34  1645
8  360
38  2340
5  228
5  354
42  2236
43  2404
6  315
6  273
6  329
3  204
7  400
39  1720
20  756
5  276
10  440
19  960
1  70
7  352
31  1536
20  819
26  1215
5  258
17  720
33  1700
28  1392
27  1344
3  184
24  1125
8  405
37  1710
4  185
4  240
26  1026
21  1100
4  235
15  704
33  1598
22  1173
4  255
4  210
35  1476
3  176
10  473
24  1025
6  357
20  756
10  605
33  1258
5  300
32  1320
19  800
11  408
45  1538
9  440
31  1408
9  410
6  280
43  1640
23  960
11  612
6  231
4  275
25  1170
5  318
9  400
11  432
6  343
22  736
23  864
2  126
25  962
38  1794
4  250
29  1260
9  370
5  240
24  1425
22  920
65  2112
3  180
4  230
4  240
22  1035
1  80
3  164
20  945
7  360
3  148
3  196
6  280
12  533
26  1350
6  350
29  1500
7  352
6  322
28  1189
35  1476
18  855
3  140
6  350
15  752
16  697
12  585
2  156
12  598
36  1443
6  196
10  495
6  259
55  2280
6  315
29  1110
6  245
6  273
21  836
29  1650
4  205
13  616
15  848
7  328
25  1300
10  473
6  315
32  1320
26  918
23  888
5  288
5  246
26  1242
20  798
8  288
44  2200
3  180
23  1080
9  500
8  495
6  315
21  1012
28  1189
9  430
32  1155
27  1260
3  140
44  1885
42  1689
6  392
3  184
5  246
44  1930
11  600
4  225
27  1456
14  675
33  1530
37  1786
6  378
7  320
5  258
6  378
37  1482
25  1118
7  360
14  735
10  440
11  540
22  1104
24  1125
38  1365
18  665
30  1178
5  240
6  259
39  1400
15  608
29  1050
9  360
15  800
8  495
1  90
12  611
0  39
32  1056
10  506
4  200
25  832
4  225
9  360
28  1363
6  315
25  1040
24  1150
5  270
13  574
56  1926
6  280
6  301
13  700
24  1375
4  210
22  805
22  1127
17  738
12  611
7  392
6  322
30  1271
19  880
3  156
22  805
5  270
4  225
5  252
22  1150
23  984
27  1036
5  270
3  204
23  864
18  779
12  429
11  432
5  288
26  1539
13  588
35  1512
8  414
19  800
26  864
5  234
5  330
31  1728
6  224
20  945
31  1376
21  1100
6  329
6  301
8  423
8  378
6  308
29  1230
7  320
7  256
28  1160
7  360
36  1850
7  320
7  360
1  100
18  912
27  1316
3  168
7  392
3  168
30  961
24  1250
6  329
34  1435
3  140
21  1034
10  385
5  240
5  246
19  960
6  322
9  500
27  952
4  205
24  1075
9  410
4  255
5  234
39  1800
21  1034
4  180
24  1250
31  1152
5  276
23  744
36  1813
23  1200
35  1872
10  495
4  140
9  480
4  225
28  1160
3  176
4  200
20  882
5  240
15  592
8  351
44  1770
10  528
37  1140
4  240
6  266
4  225
4  220
5  294
4  175
4  205
4  215
5  252
3  172
2  135
4  230
21  880
6  252
42  1397
29  1230
52  2354
27  1064
24  1375
16  697
4  270
4  225
5  288
5  198
5  162
8  369
30  1395
27  1232
33  1700
25  1196
20  924
8  342
6  322
25  1326
33  1394
4  275
6  217
1  62
31  1312
6  301
8  369
32  1254
6  266
4  205
12  689
26  810
34  1435
6  287
29  1350
9  360
7  192
9  460
2  120
4  225
32  1155
7  336
9  470
15  560
21  902
35  1152
23  1056
6  371
23  1200
20  945
9  500
3  184
4  190
25  1170
7  400
11  456
6  350
31  1024
0  44
23  1104
20  651
12  624
8  396
26  972
0  41
30  1116
5  228
26  1134
8  432
30  1550
31  1248
62  2321
27  1288
8  414
5  330
26  1188
6  350
0  30
5  276
6  322
22  621
35  1620
4  200
5  276
30  1240
7  328
31  1440
5  270
33  1224
32  1320
25  1040
27  1148
39  1640
28  1305
4  200
26  1242
6  371
45  1940
30  1271
4  210
22  943
6  287
41  2024
8  432
23  864
6  266
6  315
28  1334
6  315
10  451
34  1715
13  616
38  2145
8  333
22  943
25  1170
2  138
43  1548
4  250
5  258
10  550
32  1683
40  1686
6  357
7  312
3  240
27  1120
20  735
24  1125
25  1066
25  1196
6  280
27  1120
5  300
2  150
26  1080
6  259
26  1161
26  1242
63  3008
21  946
6  322
43  1776
1  74
6  294
7  408
42  1617
26  1458
8  333
20  861
6  357
44  2050
29  1140
5  330
25  1430
32  1419
18  760
4  180
6  350
18  893
6  329
5  228
7  304
28  1334
60  2587
35  1512
28  1160
7  416
5  294
20  945
10  605
6  322
12  663
58  3161
38  1677
29  1050
18  684
31  1408
33  1258
30  1116
7  328
7  352
26  1107
27  1372
10  374
6  287
34  1610
8  450
32  1188
7  352
7  336
28  1160
7  352
9  550
9  420
6  301
29  1080
24  1150
48  2077
6  252
25  1040
33  1564
26  1080
66  2990
10  561
13  490
24  1250
42  1314
64  2995
10  484
5  318
6  210
9  500
6  350
28  1450
29  1230
23  960
4  240
6  350
14  750
22  1242
6  301
13  560
10  473
8  360
5  240
3  160
4  200
4  205
66  3004
13  574
5  240
34  1190
23  960
19  640
12  520
6  350
3  164
9  550
6  343
2  180
27  1092
27  1344
47  1992
23  1008
15  656
10  484
6  238
5  270
4  260
36  1665
25  1092
6  266
4  235
9  440
43  1608
10  341
41  2108
7  440
12  585
31  1344
49  2180
25  1248
5  270
36  1406
42  2174
10  517
40  1648
5  288
28  1160
5  276
24  1000
6  322
50  1706
10  506
7  336
13  602
6  315
22  644
5  288
32  1518
23  1080
23  960
5  324
6  343
27  1316
9  410
4  150
15  656
24  1025
7  360
17  900
10  550
5  300
22  1035
10  495
2  141
29  1260
5  288
3  176
4  275
5  264
6  280
48  2175
8  378
6  350
8  369
30  1550
6  350
8  315
6  259
6  217
6  252
36  1850
27  952
5  270
5  246
31  1280
5  306
10  638
5  288
5  294
31  1152
4  250
26  1188
3  192
5  306
6  357
38  1482
5  300
24  1100
4  230
32  1320
23  1176
1  90
4  200
18  722
24  775
17  666
30  1674
8  360
6  315
9  410
33  1360
9  450
28  1073
12  650
33  1700
7  376
11  504
3  160
24  1125
3  172
8  324
5  252
3  192
3  204
8  369
21  792
25  1274
13  616
27  1092
33  1224
11  564
45  1836
6  280
7  360
56  2205
49  2590
2  177
6  259
5  270
6  231
25  806
26  1161
1  98
27  1288
31  704
30  1364
17  810
8  333
27  1176
5  300
7  368
3  140
17  648
7  360
4  170
4  250
10  473
6  322
5  216
24  1175
5  234
19  880
8  378
7  360
9  390
4  200
24  750
11  456
69  3100
2  156
7  336
8  333
12  624
4  215
26  972
34  1330
48  2549
6  287
5  276
34  1680
26  1269
11  492
5  222
6  245
6  301
7  336
27  1064
3  164
10  440
10  528
4  250
8  288
30  1550
4  160
9  450
6  322
28  1334
9  460
7  440
31  1408
30  1550
34  1400
24  950
4  280
18  779
61  2666
8  405
5  270
5  270
6  322
6  280
6  252
4  180
5  240
9  490
11  540
38  2067
47  2000
6  301
11  408
27  980
6  322
3  144
6  315
11  432
10  407
27  1120
7  352
16  680
14  540
29  1470
3  120
8  495
63  2880
11  444
4  220
7  344
6  385
28  1160
9  410
19  740
5  276
13  504
32  924
8  405
19  700
62  2423
10  462
6  224
45  1472
18  855
5  222
4  235
33  1530
33  1870
30  1240
29  1200
26  1350
6  329
7  368
6  259
7  296
5  300
25  1222
21  770
4  200
0  47
6  329
32  1386
4  225
2  126
15  592
12  585
15  720
22  920
3  180
31  1440
25  1040
25  1118
6  287
3  176
9  430
3  180
33  1190
5  270
1  84
18  912
6  259
16  748
6  350
6  287
23  792
6  182
9  450
6  259
67  2584
28  1305
6  350
34  1750
26  1296
34  1645
6  329
29  1350
18  589
6  280
31  1280
42  2107
25  1430
5  330
6  280
34  1575
24  1250
26  1080
6  287
28  899
61  2784
32  1650
26  1215
4  225
4  225
6  406
7  392
5  222
7  288
51  2600
23  960
49  1780
30  1271
24  875
29  1260
40  1648
3  176
8  306
12  780
7  336
24  1375
45  1472
7  352
5  240
6  294
31  1120
6  364
5  264
21  946
23  936
31  1280
11  492
16  748
31  1152
26  1053
5  294
7  336
9  450
4  230
32  1485
3  184
4  250
3  180
6  378
31  1216
20  882
41  1570
53  1868
27  1204
10  495
13  560
1  100
26  1107
26  945
14  570
21  682
41  1572
8  351
5  246
8  369
7  352
7  360
26  1107
6  315
38  1755
4  205
6  308
54  2430
11  576
6  315
34  1400
1  90
25  936
6  329
32  1254
8  324
5  306
22  989
2  150
18  684
9  450
4  225
10  396
5  270
9  460
2  180
6  280
5  360
20  819
5  300
6  322
9  400
7  408
6  343
28  1218
33  1394
7  392
0  41
8  450
27  1176
31  1056
28  1218
4  210
8  369
28  1450
6  210
1  80
6  329
4  255
24  1050
20  987
25  1144
6  252
5  276
12  585
5  270
21  990
13  546
35  1440
25  1092
25  780
2  129
26  1107
6  322
14  600
22  1058
6  357
7  480
6  294
8  360
3  164
2  96
6  231
5  222
24  1050
5  210
22  1150
7  360
28  1131
10  539
28  1247
3  180
34  1575
6  329
23  984
28  986
3  220
20  1029
6  336
6  350
27  1260
3  168
6  252
43  1856
6  357
4  225
4  200
4  155
7  432
26  1080
3  216
4  250
2  147
5  270
31  1440
12  533
29  1350
21  814
4  215
3  148
10  473
7  320
6  252
20  1050
44  2160
12  533
6  259
0  46
8  270
4  200
21  1100
6  287
27  1400
22  1035
4  160
9  530
8  459
19  740
29  1350
25  1248
28  1421
37  2128
28  1015
12  520
17  792
8  342
24  650
26  1188
19  800
13  630
25  702
6  371
24  1050
5  276
7  408
8  405
1  90
5  282
4  225
15  880
6  280
4  235
8  495
24  1175
33  1870
7  368
31  1216
7  352
6  322
3  180
29  1500
11  432
17  882
85  3738
27  1232
7  368
6  301
12  533
45  2140
4  200
11  552
8  315
9  400
4  195
19  900
6  315
33  1326
18  855
3  196
23  1176
7  312
11  540
5  306
6  266
7  296
13  574
33  1326
24  1225
6  224
6  280
24  950
28  1276
7  400
7  480
0  40
28  1044
33  1564
4  240
6  350
3  256
22  1265
4  165
4  275
9  430
13  602
24  1050
25  1300
3  176
6  217
39  1200
30  1550
22  966
35  1692
48  1503
26  1215
6  308
5  300
4  230
3  160
4  275
19  860
8  441
24  1025
26  1107
8  378
5  270
6  287
23  960
8  432
5  276
28  1247
22  1173
9  540
33  1700
29  1380
28  1160
3  160
10  495
7  320
28  1363
33  1598
25  1430
13  434
24  1375
35  1476
9  460
11  348
10  550
8  450
12  520
29  1350
7  336
3  140
0  45
26  1053
3  184
25  1118
32  1518
22  897
28  1450
4  205
7  280
3  164
5  270
22  897
5  222
4  215
21  880
9  520
2  147
31  1312
10  550
3  224
36  1369
7  280
7  440
6  252
14  825
23  888
6  322
39  1360
6  301
15  736
20  840
7  344
5  210
23  840
53  1648
4  205
26  1377
13  532
29  1140
26  1215
1  70
26  864
6  210
32  1386
5  240
10  440
5  246
29  1230
4  225
36  1110
7  328
6  315
9  330
31  1408
8  360
31  1088
4  240
6  329
12  702
18  893
1  80
26  945
7  368
3  180
7  336
84  3820
23  1008
37  1710
28  1363
19  980
31  1120
41  1704
5  276
6  287
6  329
9  530
15  640
5  264
23  840
32  1551
5  270
6  294
7  320
6  287
7  344
29  1320
7  240
5  234
8  360
5  252
63  2632
25  1170
5  330
28  1015
7  280
61  2634
4  205
27  1372
7  328
43  1508
31  1600
5  246
4  230
37  1672
27  1008
7  400
60  2137
28  1450
31  1248
68  2807
5  228
6  385
6  280
26  1296
21  792
22  943
39  2000
1  82
7  360
22  920
16  612
7  328
8  405
13  490
16  595
22  966
5  300
5  198
9  360
4  225
8  288
5  270
24  975
5  306
3  184
21  968
6  350
43  1636
5  228
27  1260
3  164
8  414
4  240
39  1600
6  315
17  828
5  306
33  1598
22  920
8  297
27  1232
3  136
10  605
10  528
26  1053
25  1352
7  432
3  180
5  306
30  1395
5  240
11  540
8  315
24  1125
21  1034
6  280
28  1131
5  270
25  1196
6  364
6  245
3  204
16  799
36  2035
8  324
27  1148
30  1705
4  205
12  390
29  1140
69  2690
24  925
7  376
5  324
8  342
5  228
20  1134
25  1352
7  400
7  416
6  294
6  266
7  336
5  300
6  350
47  2008
33  1598
29  1500
7  400
29  1500
35  1368
5  300
9  510
33  1462
16  697
20  840
8  315
4  280
32  1089
5  288
29  1410
16  680
25  1040
10  594
29  1080
20  861
4  170
5  258
21  880
5  306
7  376
28  1247
17  810
31  1344
33  1394
31  1280
35  1620
8  360
36  1517
7  400
5  222
4  275
15  528
12  598
5  222
23  1320
4  195
26  1134
31  1216
2  150
3  220
8  324
7  400
7  264
4  250
9  500
55  2432
24  1250
8  315
5  210
8  342
3  160
6  266
8  468
5  300
33  1360
4  245
38  1599
8  405
5  270
5  222
7  352
4  200
39  1400
4  230
5  294
27  1232
8  315
6  315
3  216
27  1400
6  329
3  180
26  972
5  198
5  258
19  780
32  1023
3  204
4  225
4  260
4  215
6  315
6  315
9  460
30  1643
2  138
5  282
26  1350
30  1643
4  225
24  825
4  250
27  1120
37  1368
6  329
22  782
1  96
23  1224
25  1170
26  1269
3  200
9  290
14  600
31  1120
4  205
3  152
38  1794
8  423
3  180
45  1610
6  315
22  920
31  1632
13  462
26  1134
3  216
38  1326
11  504
38  1560
9  410
6  329
49  2140
36  1406
9  470
6  301
29  1200
59  2060
5  276
4  200
28  841
6  315
3  200
33  1530
34  1925
3  188
4  175
1  98
22  920
12  585
8  360
1  96
27  1260
10  561
31  1216
21  858
13  686
4  135
29  1200
5  240
4  210
46  1889
5  240
5  240
8  477
26  1215
24  1425
4  205
6  259
4  200
7  248
12  715
28  1102
11  552
11  504
18  665
42  1403
6  350
7  368
11  492
4  195
31  1440
7  344
18  855
7  328
29  1140
4  225
8  360
21  902
8  315
31  1184
26  1215
62  2721
4  260
15  560
20  945
6  315
65  2970
6  301
33  1666
6  280
37  1482
5  246
5  282
35  1440
5  330
4  235
27  1092
7  440
14  705
29  1260
21  924
24  1125
9  530
7  328
23  1128
5  264
25  1430
19  720
12  377
6  322
13  644
7  360
4  255
7  328
5  240
8  360
28  1189
40  1976
19  980
24  1375
6  315
34  1330
4  195
33  1394
17  540
6  315
21  704
30  1147
3  200
5  294
10  407
10  440
4  190
7  400
30  1550
10  385
8  360
5  132
6  259
33  1564
30  1302
4  230
6  385
21  924
5  270
29  1320
5  258
10  517
4  195
16  867
6  350
39  1760
6  245
0  50
11  528
34  1680
0  49
3  220
5  234
30  1581
28  1305
26  1296
30  1147
24  900
26  1296
27  1008
3  148
7  320
5  276
6  217
5  306
4  215
4  210
4  320
4  190
5  324
2  135
6  224
5  294
3  160
8  432
8  306
6  259
10  440
27  1400
47  2024
6  350
10  528
2  165
15  624
5  210
59  2540
5  252
15  752
69  3330
25  1066
6  357
43  1892
6  287
14  645
7  280
7  416
20  840
5  270
59  2660
5  300
28  1218
34  1225
23  864
27  1092
4  210
0  46
34  945
6  280
26  1161
33  1700
33  1360
6  280
35  1260
29  1230
10  385
5  210
13  644
19  920
84  4170
2  147
2  108
7  400
5  300
5  264
1  94
8  297
7  328
27  1540
21  1210
39  2280
5  240
3  200
6  350
5  270
5  240
33  1496
2  165
13  630
4  265
5  252
26  1134
4  225
29  1590
5  216
36  1369
12  533
5  300
16  697
7  400
29  1020
9  320
52  1945
33  1666
48  2099
5  234
6  266
33  1530
5  324
4  205
20  840
4  235
7  240
21  814
30  1426
11  540
6  294
7  376
24  1150
0  41
34  1400
16  731
24  1250
29  990
11  540
23  1128
7  328
24  1125
5  324
33  1530
26  1080
4  225
57  2276
28  1305
3  156
7  328
4  200
29  1230
6  294
31  1280
1  100
5  240
4  225
24  1000
6  287
4  230
6  315
26  972
55  2232
18  836
9  400
11  420
10  473
21  1034
20  798
48  2464
21  880
6  322
7  368
5  240
38  1404
0  32
14  630
7  352
33  1224
18  760
6  280
5  276
7  360
5  276
7  400
11  468
21  814
14  690
5  282
4  230
11  552
31  1216
20  1008
16  799
19  720
8  333
35  1800
18  798
5  222
30  1395
3  208
37  1558
5  258
3  184
6  287
5  330
61  2214
16  578
0  41
4  200
4  170
3  160
28  1450
6  315
28  1189
4  240
27  1260
7  392
23  1224
19  920
31  1280
11  552
5  270
4  215
30  1364
26  1107
6  273
43  1320
5  192
15  720
29  960
19  700
6  329
39  1560
30  961
2  123
6  266
4  205
3  200
3  200
16  799
5  240
4  210
45  1610
6  252
33  1530
5  240
14  855
3  180
2  105
10  495
21  990
28  1160
33  1462
10  396
25  884
31  1600
12  585
20  861
5  294
6  266
40  1574
7  288
13  518
33  1462
7  360
9  500
30  1395
13  532
5  216
14  600
5  300
7  288
5  276
7  384
6  357
3  188
8  369
7  360
6  252
28  986
46  1790
8  351
1  90
1  80
21  946
9  450
11  384
24  1075
5  240
3  180
9  400
13  560
7  344
7  360
17  666
7  296
16  850
36  1776
11  552
12  559
26  1080
19  880
40  1648
6  280
5  294
8  423
1  74
6  385
27  980
5  300
8  405
5  258
4  175
33  1190
6  280
27  1540
6  357
30  1488
8  423
12  689
18  950
29  1350
45  2088
5  270
8  378
71  4336
0  40
26  1215
27  1288
6  315
22  1058
3  180
5  240
32  1617
25  1092
14  750
32  1452
23  1104
5  180
26  1377
38  1014
6  266
7  280
7  264
18  1045
31  1312
5  270
6  350
3  200
6  245
3  168
5  288
24  1075
1  82
12  611
7  344
43  1468
29  1140
46  2115
24  725
26  1323
2  120
28  1189
32  1386
24  1325
28  1102
7  336
5  300
8  360
5  360
7  304
30  1271
9  400
13  686
4  230
19  880
4  180
7  400
27  1120
4  230
6  252
21  1100
13  644
8  387
6  280
29  1200
12  624
22  1012
26  945
6  315
46  2237
4  225
7  304
6  336
21  792
69  3270
7  400
4  185
3  184
30  1550
20  1029
17  828
2  105
10  528
4  275
30  1240
29  990
7  312
5  210
5  270
24  1000
44  1920
30  1116
19  940
6  294
20  861
35  1260
24  1025
26  1080
27  1400
6  364
7  360
27  1540
10  462
8  333
2  138
29  1290
8  495
21  814
23  1104
33  1190
6  245
31  1472
25  806
28  1160
59  2160
1  108
26  1080
42  2365
5  306
46  2117
24  925
83  4436
33  1428
34  1540
17  810
29  1440
9  340
33  1428
5  270
7  368
31  1088
36  1406
7  400
3  200
9  380
2  126
4  240
24  925
11  612
60  1935
17  702
6  364
7  368
7  440
24  1225
31  1248
33  1496
7  368
4  275
31  1024
32  1485
19  1000
18  855
8  324
7  328
30  1426
9  360
19  1000
5  276
3  160
5  306
7  464
6  287
28  1189
6  378
33  1190
10  440
34  1505
14  540
4  230
4  230
22  874
22  966
4  250
5  240
36  1147
5  300
6  280
17  990
4  180
6  280
28  1015
6  224
7  376
44  2015
41  1864
26  1350
15  608
6  315
17  720
4  185
6  343
4  255
8  342
9  390
9  370
38  1911
29  1410
30  1364
6  343
28  1305
8  495
32  1188
4  200
4  225
3  176
37  1368
23  1104
8  405
7  288
5  270
5  234
4  205
5  270
6  371
3  156
29  1410
6  343
4  250
8  378
3  132
7  328
8  351
6  294
26  1350
10  517
5  240
11  480
5  210
7  280
5  216
31  1280
17  990
10  418
23  816
6  343
25  1300
22  1035
41  1848
9  500
3  160
7  400
5  240
6  343
3  208
6  287
3  180
8  297
33  1564
27  1036
5  276
29  1230
5  222
10  374
2  141
7  400
39  1600
7  296
5  330
22  621
9  440
38  1560
29  1230
4  230
26  1188
3  204
5  270
10  440
10  495
24  900
5  270
35  1296
26  1323
3  192
33  1530
7  280
34  1435
10  385
11  336
23  1200
7  320
6  308
6  273
41  2116
5  348
12  416
6  280
31  1312
6  329
9  410
6  315
5  252
15  720
8  405
23  960
5  216
13  518
28  1305
2  123
29  1290
4  205
10  440
25  1248
3  180
7  352
6  322
4  270
8  405
22  920
23  1224
26  1215
6  301
4  190
5  252
30  1240
23  1224
4  190
37  1900
5  252
28  1218
5  240
24  1075
6  294
9  440
59  2960
7  336
20  882
24  800
3  172
11  588
48  2286
4  255
5  306
11  408
29  1380
12  481
8  315
5  246
29  1230
3  148
4  220
13  518
6  315
5  288
6  350
9  470
37  1520
7  416
5  282
29  990
6  273
3  200
18  760
3  200
4  260
2  120
15  752
6  322
2  147
2  96
9  360
0  43
7  344
7  296
5  300
10  495
16  697
9  500
8  423
34  1190
36  1554
6  315
3  172
30  1426
60  2890
24  1150
4  250
6  308
25  1092
28  1131
6  350
6  252
3  176
8  423
9  410
26  1323
29  1260
6  315
25  962
12  585
6  350
5  276
22  1150
25  962
26  1080
34  1750
14  675
4  215
25  1352
24  1000
28  1334
27  980
49  1220
36  1517
7  336
6  280
6  301
4  205
27  1120
6  315
7  320
31  1408
6  308
7  280
5  252
5  270
34  1575
11  348
4  225
26  1242
30  1395
5  300
4  175
36  1443
6  343
5  216
37  1330
3  188
26  945
8  414
6  259
5  270
5  324
7  352
5  330
5  252
5  288
5  264
1  84
24  1125
6  371
13  714
5  300
42  1612
42  1548
18  703
4  250
11  492
33  1394
29  1230
2  111
25  1092
5  246
34  1155
6  336
7  400
32  1617
7  400
7  392
25  910
8  369
5  240
6  322
4  185
3  160
19  1000
7  384
4  200
3  160
7  408
5  270
33  1870
26  972
9  360
7  312
25  1170
23  1008
32  1452
7  368
10  396
3  140
22  1058
6  350
5  216
24  1125
30  1674
5  330
3  188
33  1360
8  450
6  350
4  140
5  252
6  315
5  324
6  364
6  329
4  245
8  486
5  270
6  350
6  280
13  644
7  440
23  1152
3  172
61  2586
7  344
35  1800
20  840
7  296
26  1242
7  352
19  1000
3  168
8  450
4  185
5  258
5  246
25  1222
5  240
2  153
35  1440
7  360
6  322
6  315
5  252
7  464
6  350
6  294
9  380
16  765
10  429
17  684
12  481
8  369
26  891
2  165
4  240
5  240
22  1058
24  1025
4  230
5  198
31  1472
30  1519
26  1080
23  1032
34  1120
16  799
8  423
6  252
5  300
8  369
7  320
24  1600
10  330
28  899
6  322
6  217
6  280
11  540
9  410
3  168
7  400
8  279
31  1344
7  328
7  376
6  252
33  1530
7  344
12  390
8  459
11  648
3  180
15  560
5  300
43  1700
29  1080
35  1656
3  144
6  294
20  819
27  1288
6  266
5  276
6  266
5  204
5  246
25  1430
20  966
20  966
2  135
34  1610
32  1518
3  180
47  2048
35  1620
5  300
3  200
5  246
5  240
5  282
15  640
28  899
42  1581
25  1170
26  1404
23  864
17  810
46  1974
9  450
6  308
13  700
12  702
4  180
6  287
24  1000
20  840
37  1748
24  1175
4  225
11  600
29  1350
5  336
6  385
4  265
26  1377
6  210
0  37
19  780
5  210
35  1512
25  1326
7  320
35  1800
3  144
29  1110
9  330
7  280
6  315
12  455
9  350
7  360
24  1025
6  259
4  230
6  378
20  840
26  1485
18  741
5  258
34  1785
30  1085
8  432
31  1312
6  322
7  440
27  1400
7  344
5  300
26  837
5  276
16  884
34  1470
35  1512
43  1592
4  230
28  1305
6  273
6  287
24  1000
29  1500
33  1258
7  400
4  205
3  216
3  184
8  387
7  336
9  380
25  936
13  616
4  225
7  296
31  1536
6  322
7  352
7  304
12  546
60  2787
8  459
31  1152
26  1134
27  1176
6  280
4  255
4  205
19  760
7  344
43  1988
32  1221
0  60
7  384
25  988
9  380
24  1125
5  270
5  216
7  352
27  1680
7  368
6  322
49  2150
39  1960
6  322
30  1550
11  432
36  1665
6  294
10  605
18  969
6  301
6  252
27  1260
6  280
12  546
40  1689
29  1110
4  245
8  306
5  174
6  322
4  210
39  1840
4  230
21  902
7  288
6  350
9  390
5  240
13  672
7  320
4  250
9  440
24  1025
6  364
13  644
26  1215
7  440
21  836
6  280
7  400
4  245
5  282
46  2197
15  560
6  350
33  1190
6  245
41  1730
8  324
5  246
3  164
6  301
20  714
25  1170
4  215
5  300
1  86
26  1053
8  405
29  1230
5  252
6  350
63  2920
4  240
8  423
20  798
20  840
5  240
8  423
10  385
4  235
11  444
5  270
5  246
39  1240
8  369
28  1131
12  585
29  1320
5  222
4  205
25  1170
27  1652
29  1230
6  266
3  236
9  460
6  280
32  1452
17  900
21  836
7  320
32  1518
7  392
2  120
7  368
5  270
6  294
7  248
26  1458
7  304
29  1080
7  304
26  1107
12  403
31  1248
29  1350
27  1092
6  252
28  1276
31  1216
9  320
8  360
45  1704
3  180
6  266
25  1092
7  328
7  344
43  1600
24  1100
10  440
7  368
24  1250
7  384
5  282
23  1224
4  275
4  235
6  322
4  240
6  280
39  2000
3  160
30  1085
0  41
6  287
7  328
3  172
8  297
13  658
26  864
27  1260
5  300
3  152
3  216
22  1150
5  288
19  900
7  320
9  410
7  320
1  106
11  492
26  1053
13  560
4  220
7  336
8  360
35  1440
7  280
6  378
7  424
41  1704
7  360
10  473
15  688
4  250
6  280
6  350
27  1260
28  1450
23  1200
24  1050
58  2179
31  1408
38  1482
37  1900
11  540
8  459
35  1656
51  1576
1  102
20  1176
74  2855
6  364
3  200
1  84
24  975
5  222
52  1760
6  350
30  1333
39  1400
3  196
29  1590
7  328
3  188
5  246
13  840
27  1148
7  352
62  2646
4  180
35  1728
27  1400
6  245
4  230
4  225
23  960
8  387
3  128
33  1360
22  874
10  396
4  240
30  1674
3  204
23  960
3  180
13  462
6  280
9  440
7  368
4  190
17  810
18  627
28  1334
8  405
12  507
8  315
4  205
8  396
6  350
22  920
9  500
4  225
21  836
14  495
7  360
5  276
10  484
34  1470
6  294
34  1785
41  1752
33  1530
5  240
25  1170
19  800
10  506
3  180
8  432
3  184
26  1161
7  224
6  294
8  387
6  329
5  282
4  245
6  322
48  2183
6  350
3  184
5  240
9  430
7  296
23  840
8  378
5  246
5  300
32  1023
5  246
43  2268
23  960
43  1808
7  408
10  550
29  1350
20  693
15  720
7  360
8  342
6  350
28  1102
43  1832
23  1128
5  276
6  273
6  224
22  1035
21  792
27  1344
35  1080
6  294
23  840
6  308
31  1536
27  1036
4  255
9  360
5  270
30  1209
3  168
6  287
8  396
13  588
4  200
25  962
18  722
28  1247
7  352
9  420
21  1144
45  1720
34  1820
6  315
5  330
21  1320
40  1777
4  200
12  572
31  1376
7  344
22  1035
8  387
16  714
20  987
28  1218
25  806
8  288
10  451
25  1430
21  1012
16  884
9  410
30  1240
4  165
8  360
26  1080
23  864
21  902
2  156
22  828
4  215
26  1080
1  90
8  360
3  168
5  300
27  1400
7  360
7  304
5  270
11  528
0  41
23  936
5  258
6  210
6  364
6  245
22  966
22  1127
9  410
31  1312
7  408
13  630
6  329
6  385
8  315
6  280
34  1295
34  1435
27  1204
7  336
3  180
1  62
45  1966
5  300
22  1173
5  330
6  336
5  294
3  200
4  255
6  364
21  770
10  528
6  322
8  450
10  473
3  224
4  200
5  300
3  144
27  1120
5  270
23  744
7  304
27  1316
27  1176
29  1230
8  279
4  200
25  1092
3  160
7  360
43  1848
8  315
6  280
51  2388
8  378
11  516
27  1540
30  1364
24  1000
34  1295
27  1120
5  246
7  280
0  39
27  896
6  287
12  533
5  282
13  504
45  1396
6  308
6  357
4  175
36  962
44  1485
5  240
7  456
19  800
1  96
11  552
24  1050
28  783
6  322
7  400
5  228
10  407
33  1360
24  950
7  360
11  444
11  516
5  264
27  1316
4  125
25  1326
6  245
29  990
4  250
8  324
32  1584
9  280
22  805
27  1204
5  246
13  574
28  1450
6  336
6  245
27  1176
5  300
3  140
7  376
29  960
4  235
4  225
19  900
7  400
5  270
42  1959
5  222
5  258
0  40
30  1550
12  520
16  850
4  275
28  1740
6  322
5  276
5  258
8  369
15  656
7  336
1  82
26  1350
7  392
47  2232
4  250
5  330
7  360
7  328
7  368
24  1025
23  984
36  1665
46  2453
6  350
24  875
5  258
82  3826
9  410
8  378
25  1092
30  1581
5  216
28  1189
7  400
5  264
10  407
4  270
5  306
6  385
7  344
36  1480
47  1912
27  1148
31  1440
44  1730
5  234
5  210
3  180
5  300
5  276
30  1240
4  230
2  120
33  1190
11  660
5  222
26  918
6  280
7  256
8  378
6  343
3  220
6  245
42  1505
4  225
9  400
5  270
14  540
3  240
7  320
8  441
4  230
33  1122
4  185
6  364
8  342
3  164
24  975
3  160
2  120
11  576
40  1440
1  68
22  851
27  1148
5  246
5  318
29  1230
6  322
6  350
7  384
3  180
29  1290
10  506
25  988
27  1036
17  900
81  3898
26  1350
5  300
16  663
26  1134
5  258
47  2176
45  2106
3  168
27  1540
3  136
32  1584
18  893
7  392
8  306
7  304
5  324
32  1650
8  369
42  1686
3  196
6  301
4  275
11  600
5  228
5  240
25  962
17  828
16  714
2  114
15  736
7  336
11  384
14  555
12  468
5  270
29  1410
26  1161
3  156
29  1080
59  2620
30  1271
15  672
28  1160
15  720
22  805
5  300
5  270
9  480
5  216
4  255
22  1081
10  352
6  266
31  992
30  1519
9  420
37  1558
5  264
23  1200
5  270
6  399
29  1680
10  495
29  1380
8  315
16  833
6  350
6  329
5  276
29  960
7  360
22  1012
5  204
7  360
33  1564
20  840
3  172
3  188
12  559
9  480
56  2388
4  250
8  279
24  925
6  252
31  1792
3  180
7  408
9  500
38  1794
5  270
4  240
5  318
21  1276
5  222
5  324
10  517
7  328
9  500
24  1175
7  344
6  252
27  1204
6  392
8  369
62  3276
5  252
3  160
5  270
11  612
5  324
24  1050
22  920
27  1400
14  735
12  585
7  344
5  276
36  1665
12  338
9  340
6  259
5  258
11  672
25  1092
40  1314
10  550
39  1840
20  903
36  1591
6  378
6  434
3  224
4  180
33  1326
8  405
31  1760
21  1034
28  1044
30  1395
8  396
10  473
6  280
26  1080
2  135
4  250
4  210
7  320
3  144
0  45
6  371
23  1320
37  1710
7  328
40  1649
7  320
8  405
4  155
32  1386
6  315
9  430
6  322
25  1352
18  950
8  324
24  925
36  1110
2  141
27  1344
6  315
5  240
33  1564
27  1176
31  1312
3  204
10  517
2  135
8  333
16  714
6  364
7  320
9  540
12  429
3  128
6  350
0  45
5  282
27  1120
11  540
4  170
7  344
8  351
24  1175
35  1620
46  1645
7  360
3  148
24  1000
36  1369
35  1584
35  1584
5  282
9  470
40  1852
9  370
5  216
8  306
7  440
3  188
45  2224
48  1970
5  318
10  440
25  1300
34  1225
5  252
4  220
52  2609
8  378
16  782
31  1312
27  1260
28  1247
7  360
22  1035
27  1260
6  280
7  328
5  246
30  1116
3  124
9  410
28  1073
6  371
32  1485
16  867
9  580
5  264
7  256
17  720
17  918
8  450
7  320
7  320
41  1386
28  1218
28  1073
7  392
6  378
2  141
6  322
10  407
1  92
31  1600
7  368
5  276
43  1544
22  897
7  400
7  240
6  266
28  1189
15  512
13  546
3  196
9  340
24  1125
26  1215
21  902
13  644
3  188
28  1218
5  318
7  336
6  315
24  1150
7  400
25  1222
3  200
50  2190
5  210
4  165
32  1650
47  1832
27  1120
22  989
4  250
6  252
7  400
20  1008
29  1020
20  672
14  510
6  350
38  936
6  287
8  270
5  240
3  172
3  216
4  175
4  195
40  1808
2  159
25  1170
1  76
27  1204
5  246
6  315
29  1230
4  250
6  315
4  200
5  222
5  264
10  374
28  1189
7  352
12  585
23  1080
6  280
8  414
33  1054
4  235
28  1189
24  1025
6  259
6  322
27  1400
12  598
2  105
7  368
60  2486
24  1025
6  315
29  990
24  1125
7  320
4  180
4  185
26  1053
19  900
34  1400
23  912
16  663
26  1350
7  312
6  308
8  378
1  110
7  328
32  1518
9  500
29  1200
7  312
1  98
9  410
4  185
37  1330
6  287
5  318
26  972
22  782
5  300
2  129
29  1260
8  486
45  1728
6  329
46  1675
1  92
6  252
37  1710
4  185
27  868
34  1365
5  270
18  1102
7  296
21  880
2  150
10  396
5  240
13  616
23  960
6  385
2  135
5  246
6  287
3  180
43  1492
11  576
6  315
11  432
6  280
5  282
20  966
29  1500
17  810
10  473
40  1681
42  1658
3  188
45  1898
19  1000
7  376
52  2250
23  1032
4  250
5  252
6  315
9  410
46  2143
29  930
3  200
24  1000
5  216
25  910
7  328
21  968
8  360
32  1287
24  1050
7  200
24  1250
12  533
5  216
14  540
26  1107
18  722
28  1247
9  450
2  144
4  165
6  343
2  144
33  850
7  280
3  192
6  210
35  1404
7  376
10  495
22  1035
15  640
31  1792
5  270
25  1040
3  188
3  152
12  520
4  250
4  200
5  270
3  220
41  1936
15  608
29  1200
32  1353
32  1485
5  246
9  270
12  481
8  387
4  240
27  1400
3  196
8  405
4  250
6  420
29  1410
7  360
5  318
23  1152
7  352
41  1562
4  260
5  234
31  1472
6  301
36  1480
35  1440
6  350
29  1110
4  210
6  350
25  1352
4  225
6  259
4  230
6  280
7  248
20  840
9  460
26  1350
5  270
6  308
4  225
4  170
66  2684
6  280
31  1536
6  350
8  333
25  910
28  1479
6  315
10  517
15  688
10  418
16  765
46  1938
6  336
2  96
6  217
1  80
9  420
28  1450
6  308
5  312
10  561
47  1744
6  315
18  855
3  128
24  925
43  1440
26  1215
4  225
24  1275
34  1400
1  90
10  440
20  840
5  210
8  324
6  224
27  1148
26  1107
30  1426
7  360
6  357
23  1176
36  1369
33  1564
29  1350
9  450
5  264
34  1435
12  585
3  176
9  480
56  2564
43  1888
6  294
6  259
10  561
5  282
33  1360
7  392
12  533
7  384
5  240
7  376
2  102
23  960
7  376
3  176
3  196
6  315
29  1320
5  270
7  400
9  380
13  448
27  1036
27  1260
5  210
27  1148
25  1170
25  1040
3  156
27  1120
22  897
11  432
4  200
28  1421
11  552
8  396
58  2335
25  1066
45  1356
3  204
4  215
3  184
7  448
20  987
3  144
33  1360
35  1296
18  912
6  252
4  170
22  828
2  150
24  1250
1  100
28  1450
3  148
7  272
34  1470
8  351
26  1053
30  1302
19  900
25  1170
36  1258
20  1029
6  322
30  1550
12  455
39  1440
9  430
27  1176
31  1376
26  1134
43  1544
9  540
6  322
7  400
13  448
29  1080
6  280
41  1264
7  360
5  210
39  1680
22  1012
33  1428
6  385
13  532
22  805
31  1440
18  874
3  160
12  481
9  450
6  315
6  245
5  360
7  400
29  1260
39  1720
26  1080
25  988
30  1116
30  1333
5  354
5  258
6  350
5  276
9  400
15  608
30  1426
6  280
31  1600
8  405
5  276
6  322
37  1634
10  550
5  246
4  155
6  378
39  1600
20  882
10  385
26  1377
14  585
7  336
30  1488
24  1025
38  1443
11  516
3  200
36  1665
29  1170
8  405
16  731
9  360
6  329
6  315
8  324
6  301
26  1377
5  228
23  1080
5  216
6  364
3  168
7  256
17  684
7  336
7  384
32  1353
6  315
7  248
35  1116
38  1989
28  1102
25  1040
20  882
4  185
29  1470
27  1092
25  1040
6  315
10  506
0  49
22  943
15  768
28  1305
30  1178
6  315
4  245
13  658
26  1269
27  1204
6  357
7  328
6  231
3  176
5  198
22  920
5  252
5  330
23  1080
23  1080
5  264
10  319
6  252
25  1222
5  264
26  1107
8  414
25  1040
4  165
5  312
7  360
4  165
2  135
28  1682
5  282
6  364
24  1100
5  294
19  760
6  203
7  328
8  369
7  480
4  240
5  282
4  275
6  217
31  1280
4  205
10  605
10  462
36  1295
27  1176
27  1624
16  731
6  294
28  1247
5  276
5  192
19  920
46  2378
19  760
18  931
19  880
4  225
7  328
6  266
14  555
6  252
9  330
19  960
10  550
8  360
5  210
5  240
4  235
7  360
5  192
72  2494
4  230
6  385
3  132
6  315
27  1008
29  1260
35  2160
6  336
33  1224
9  430
3  180
8  405
26  1107
4  225
38  1677
60  3281
28  1044
5  246
19  900
25  1430
10  561
4  255
5  222
42  1587
24  1250
16  680
5  222
5  204
24  1075
23  840
7  296
4  155
13  490
24  1250
15  752
9  450
35  1800
3  144
6  350
6  259
5  270
33  1360
4  205
4  170
31  1632
7  288
39  2000
6  315
4  245
37  1406
10  484
15  736
4  275
3  160
27  1064
5  276
8  324
11  516
42  1686
24  925
11  492
5  246
8  468
7  376
22  759
7  400
7  368
6  273
3  152
17  666
39  2040
6  301
3  144
5  276
27  1120
5  216
7  344
4  205
3  152
6  252
27  1260
6  420
28  1363
4  220
32  1188
26  1215
10  385
27  1008
6  392
11  588
6  315
5  246
32  1353
9  380
63  2816
30  1488
7  360
28  1160
10  462
7  320
4  200
81  3172
6  252
14  675
9  450
7  432
11  576
4  165
28  1131
6  301
24  925
20  819
15  512
11  432
64  2350
11  516
6  280
33  1530
24  1125
29  1350
28  1160
7  416
29  1110
4  135
25  936
5  270
5  210
4  235
5  246
31  1440
48  2450
6  378
23  1032
4  210
6  273
28  1044
5  270
2  120
5  246
62  2727
7  296
8  495
5  252
9  440
4  225
6  364
6  343
11  540
9  380
11  480
5  270
23  1008
25  1040
4  195
35  1368
4  215
5  240
5  288
31  1344
35  1332
27  1260
27  1400
25  936
6  308
6  315
6  315
7  328
2  99
8  396
22  828
7  360
64  2990
23  888
5  312
6  287
4  200
37  1748
4  175
5  360
15  720
6  294
5  270
7  360
8  450
27  1260
8  396
31  1280
4  200
5  258
17  594
1  82
28  1305
42  1523
26  1215
47  2224
7  288
6  329
6  336
6  273
13  574
4  230
13  756
29  1230
3  180
8  450
47  2112
31  1312
34  1575
37  1596
7  360
6  266
5  240
26  1323
6  315
4  215
2  120
2  135
34  1750
15  480
7  368
7  352
15  576
20  735
27  1148
14  510
27  756
7  248
25  1118
46  1692
7  336
6  315
3  160
36  1850
42  918
7  312
4  175
8  423
11  504
5  270
53  1938
3  140
15  576
7  320
40  1730
1  120
28  1305
8  513
25  1248
5  216
36  1295
7  328
36  1480
7  392
3  160
55  2960
31  1504
6  273
4  210
35  1620
8  369
21  990
6  322
3  164
4  250
5  246
72  3318
3  184
5  276
6  322
3  156
4  250
28  1073
3  224
7  288
14  570
19  640
6  350
37  1444
29  1470
6  287
7  400
6  357
9  380
27  896
5  300
5  324
4  250
6  329
6  294
24  1125
33  1598
7  320
21  770
3  212
27  1540
total gen: 78135 | total tests: 3540052
