population size at start: 10 interval: 40
28  464
35  720
7  240
2  75
23  600
55  920
7  200
11  168
18  380
27  560
31  800
24  625
31  576
60  1567
7  200
30  930
44  1305
64  1075
24  500
15  640
38  624
7  168
8  225
4  100
32  825
34  560
33  850
3  80
7  160
4  125
11  216
9  150
47  1024
5  150
8  270
11  240
6  182
7  200
34  875
45  1150
29  630
22  460
8  135
11  264
29  840
6  140
6  175
7  200
4  75
9  250
17  360
27  700
7  200
6  175
41  882
37  950
41  860
9  200
5  180
7  200
5  120
30  775
41  840
6  140
7  200
39  880
28  638
37  570
30  651
22  575
67  1700
38  975
71  1568
6  210
29  900
45  696
28  580
7  200
24  500
35  612
11  240
28  754
37  760
48  1176
31  832
8  207
32  660
39  720
20  336
3  100
41  966
30  775
44  590
36  740
8  225
8  180
8  180
26  675
43  880
7  240
6  140
7  200
6  175
6  168
6  175
3  84
8  180
10  275
25  650
7  168
41  1218
12  299
40  1025
7  136
24  500
36  962
13  350
4  150
7  240
42  1290
16  442
2  60
35  1080
6  175
27  560
9  250
35  720
32  495
22  460
35  720
7  136
6  140
32  825
63  1344
5  180
9  270
28  725
31  768
6  168
22  598
26  486
21  550
11  360
9  170
7  240
7  240
3  76
31  640
11  264
7  176
43  704
6  168
34  700
21  440
20  525
24  375
30  775
36  925
25  520
32  858
31  640
6  175
30  589
17  270
24  525
39  1000
33  680
28  609
35  900
31  640
31  704
31  800
2  75
7  192
43  924
18  304
24  500
10  231
20  630
8  270
30  589
5  150
33  748
6  210
41  848
32  825
74  1500
5  180
31  800
31  640
9  150
27  560
29  900
7  96
21  550
6  140
23  600
17  360
7  128
4  110
29  840
6  140
10  264
35  720
11  240
22  575
5  180
12  377
33  680
29  900
7  232
7  120
58  1475
8  225
31  800
8  315
32  627
39  1000
4  125
36  740
4  150
5  126
33  850
33  578
35  720
45  1174
23  600
32  990
6  140
49  1000
32  561
12  312
29  750
31  960
7  160
5  150
4  110
40  820
69  1400
80  1782
27  560
27  560
33  850
4  105
33  850
30  496
29  900
2  75
7  200
80  1829
38  390
32  891
7  160
4  70
24  400
18  475
29  630
7  176
28  580
5  150
31  928
46  940
30  775
35  900
12  260
33  816
5  174
6  175
8  270
37  950
5  120
4  150
6  175
3  80
43  748
29  900
19  320
53  1406
33  952
29  630
8  180
8  207
32  660
21  462
36  814
35  720
40  993
5  150
26  675
65  990
6  175
8  270
6  147
23  600
16  340
6  140
42  863
7  208
5  180
27  700
31  704
21  550
24  400
1  50
27  420
3  120
24  550
45  1012
24  625
3  112
58  1199
2  87
5  168
60  1365
9  250
6  175
29  900
10  154
6  140
6  147
60  1230
6  210
41  892
45  920
3  80
5  90
46  1210
29  750
4  125
60  1491
28  580
3  100
9  300
26  675
26  675
29  450
27  840
7  240
28  725
13  308
28  870
6  210
8  180
6  175
6  175
45  932
26  540
43  880
79  1280
8  234
30  620
6  175
2  81
38  663
14  330
74  1520
7  200
19  600
6  210
46  940
24  525
7  240
30  775
29  750
21  330
8  225
41  1178
36  925
4  150
21  550
28  638
3  100
5  120
3  60
46  1175
8  225
7  144
6  168
29  600
81  1898
29  750
38  975
4  110
36  703
7  232
40  824
20  525
32  825
44  990
7  168
8  225
7  176
27  420
4  125
11  240
23  600
3  64
23  480
9  200
32  825
4  140
21  264
22  575
26  675
8  225
44  765
35  648
7  200
8  225
6  147
35  936
61  1302
4  125
0  26
7  240
48  620
11  180
5  150
5  150
30  837
4  75
60  1304
33  510
28  870
27  560
29  900
34  455
9  250
25  572
9  150
43  1144
7  200
44  1140
24  750
67  1492
75  1596
30  651
61  1416
8  180
3  100
4  110
7  120
23  600
18  380
35  756
4  125
33  816
61  1550
36  777
7  192
39  1000
23  408
6  210
40  823
38  975
10  143
28  580
6  140
33  578
7  200
33  850
39  1000
35  720
33  680
41  672
11  360
35  1080
24  750
25  650
40  1030
57  1450
35  756
29  750
31  768
7  200
31  576
40  820
25  520
29  630
25  650
48  820
8  234
25  650
5  180
6  147
9  250
27  700
10  275
25  650
32  825
8  198
7  120
43  820
32  660
7  200
46  982
6  126
6  224
28  725
29  630
27  700
43  880
7  168
46  940
32  660
24  650
43  1144
30  682
13  350
36  925
1  42
38  819
31  640
30  620
8  180
6  147
31  800
32  660
11  300
28  870
5  156
3  80
52  1190
7  200
31  640
5  102
8  180
92  1248
3  64
9  200
5  120
11  312
30  651
29  750
6  147
38  975
8  180
26  567
11  312
29  540
36  925
29  600
7  240
40  827
27  364
22  575
7  240
5  150
4  70
19  400
4  100
14  315
9  250
10  220
35  432
39  840
36  777
20  504
30  775
50  1421
32  990
6  175
37  570
6  175
1  40
40  988
9  200
95  2640
27  420
11  240
31  800
30  744
4  150
30  775
35  720
23  264
75  2280
8  180
6  140
35  1080
5  150
33  850
65  1848
49  1290
83  1132
17  396
7  200
34  1050
14  375
22  506
44  1125
9  220
68  1325
7  168
11  300
7  160
57  1450
56  1082
43  904
20  525
6  119
32  660
66  1407
13  238
24  625
15  384
37  950
23  504
4  100
16  170
7  160
31  640
32  957
27  700
45  950
36  925
24  500
31  960
28  551
43  1204
37  874
26  540
14  360
36  925
5  150
10  275
45  920
7  240
30  651
40  989
10  242
29  900
33  544
6  147
35  540
11  252
43  900
27  756
7  160
30  713
24  625
76  1602
25  650
39  640
28  580
16  272
27  644
30  527
2  90
7  232
43  880
45  756
24  625
5  150
32  825
41  642
39  1000
68  1536
26  945
31  416
31  640
35  792
6  147
5  120
8  315
29  600
5  180
5  150
46  975
2  75
36  740
6  168
9  170
35  720
6  203
19  500
32  825
44  685
7  264
31  800
5  132
14  375
37  760
28  725
7  192
35  900
4  150
9  270
25  650
9  340
26  540
37  950
29  750
6  154
40  1025
28  435
28  667
5  150
5  120
7  160
12  325
8  180
4  130
4  110
9  180
12  325
6  140
60  1283
44  1005
24  500
30  620
36  740
37  1102
10  275
18  399
8  180
37  570
9  200
20  525
6  140
29  450
26  675
35  864
28  493
5  84
9  300
16  391
39  680
26  675
11  204
26  540
6  210
6  245
35  540
21  638
4  100
7  184
30  682
33  680
9  250
40  1025
26  945
4  95
24  675
33  1020
34  945
10  275
49  1070
4  125
5  180
5  120
26  621
25  520
45  828
21  484
27  840
7  112
36  740
7  200
28  580
39  840
51  1360
32  990
7  160
21  440
25  390
9  300
35  720
6  175
28  725
23  480
37  760
27  700
37  760
8  135
21  330
27  700
41  896
4  100
5  168
6  175
29  750
44  675
37  912
29  540
0  26
8  216
8  225
28  580
31  640
59  1560
60  1220
10  242
31  640
7  192
30  775
5  120
5  150
8  234
43  528
35  900
2  45
30  775
2  75
29  1050
43  1100
3  112
7  200
7  176
29  450
39  800
39  680
40  1025
9  350
35  900
7  144
30  620
42  860
27  532
4  75
3  100
59  1220
7  232
42  860
11  240
62  814
6  175
6  105
5  126
32  660
44  1125
17  360
26  540
27  560
4  125
6  175
30  775
11  252
3  92
7  88
24  750
5  102
5  150
2  60
6  140
30  837
45  768
29  750
6  154
32  627
8  225
7  200
28  725
25  650
41  1050
30  620
26  675
6  175
11  132
1  50
31  800
24  500
7  160
34  910
13  420
71  1824
36  740
8  234
5  168
8  225
9  250
28  870
5  114
44  1125
25  650
35  900
26  540
6  175
5  150
4  75
33  680
15  400
28  754
38  741
32  825
19  520
22  575
66  1193
43  900
30  620
10  231
29  750
8  207
46  947
24  625
7  240
29  600
27  560
46  1008
29  750
26  675
62  1575
34  560
28  435
25  910
46  808
16  340
9  260
34  805
8  180
8  216
8  207
8  180
7  160
25  494
19  520
46  1015
39  800
13  350
28  870
7  200
4  130
29  750
32  825
7  200
38  780
28  580
7  176
16  255
10  275
9  200
86  1424
37  950
3  120
33  680
31  640
9  200
3  100
49  1000
8  252
2  60
45  690
5  210
64  1430
1  44
64  1430
29  600
5  120
24  600
6  210
52  1351
38  975
9  120
37  1140
14  300
5  162
53  1080
4  130
74  750
11  240
25  676
25  650
88  1825
78  1224
26  675
7  200
27  364
23  768
8  225
21  462
24  750
18  475
7  160
27  588
3  120
26  675
26  432
43  708
42  903
85  1630
10  198
1  50
28  319
6  182
20  525
25  312
25  546
32  693
32  990
18  285
28  580
32  693
25  520
35  720
21  550
5  168
60  1525
3  80
37  1140
9  300
7  176
35  1080
33  714
62  1352
9  250
28  725
5  120
8  225
23  480
5  150
7  176
7  160
47  744
3  120
31  800
14  300
36  740
25  650
4  150
20  525
9  200
32  660
29  900
36  925
19  500
7  200
6  140
8  180
13  252
30  775
17  432
5  102
6  210
6  140
21  462
24  625
28  580
43  880
8  180
30  651
31  640
45  1334
13  336
59  1280
4  100
7  192
24  400
15  224
5  126
9  250
7  160
45  720
7  240
29  750
3  88
47  600
21  462
34  525
28  696
3  88
12  325
36  592
17  468
10  220
38  663
41  1050
43  1100
34  700
3  100
43  880
7  128
29  900
1  48
6  175
47  1464
31  736
13  280
8  270
64  1350
8  270
6  210
28  667
22  667
7  232
5  180
41  630
5  150
26  972
28  638
19  400
15  336
27  700
35  792
4  150
27  560
6  175
26  810
8  225
7  200
7  168
1  50
6  140
1  50
37  912
19  320
6  154
24  500
45  1150
6  175
52  583
29  480
6  105
5  180
106  1873
76  1651
19  300
34  735
34  875
3  96
7  176
5  120
23  600
7  200
37  570
33  1020
72  1095
26  675
9  300
29  450
33  680
25  650
36  740
26  405
43  712
6  140
7  280
25  780
29  510
29  750
42  946
27  700
7  112
32  825
69  1490
27  560
50  1020
8  225
10  363
9  300
4  125
11  240
50  1020
3  84
6  147
34  875
32  495
29  660
17  522
7  176
9  250
27  588
7  200
23  720
34  735
4  125
18  475
29  750
7  160
5  126
20  315
68  1725
4  100
39  1000
7  184
36  925
32  990
27  700
36  1258
9  200
10  275
31  800
6  210
5  174
21  440
85  982
33  578
61  2170
44  765
33  680
30  682
30  620
20  420
29  600
19  500
40  697
5  132
65  1980
5  120
49  770
5  90
39  800
33  850
6  140
61  1532
35  720
13  350
44  900
10  220
32  594
32  561
41  940
22  667
10  330
25  650
5  180
31  672
31  704
9  200
6  154
6  203
3  100
6  175
37  418
43  924
24  500
3  112
37  950
4  125
6  105
7  200
24  625
33  680
5  120
7  200
44  900
66  1341
5  150
7  120
22  460
24  875
29  750
24  650
4  125
6  210
23  600
23  720
47  1440
41  882
8  225
30  620
8  225
29  600
29  600
34  700
41  856
28  580
9  120
68  1449
5  120
32  858
10  231
10  231
12  234
35  540
31  736
32  495
41  840
43  676
7  200
2  75
26  567
27  700
11  180
40  738
24  500
47  960
35  720
38  780
22  460
1  40
8  180
8  225
34  875
1  40
32  957
45  920
20  462
34  385
21  770
6  147
24  400
5  60
32  693
41  966
31  640
61  1434
6  175
30  868
34  875
31  640
4  125
6  175
5  150
31  832
51  1028
4  150
3  100
21  550
47  976
34  770
47  1056
6  140
4  75
77  1364
25  780
20  315
2  60
30  806
26  675
30  496
4  150
30  620
6  210
29  600
30  1085
26  540
21  440
5  180
30  930
47  1144
4  125
17  432
6  140
8  225
106  2224
6  196
16  476
39  840
25  650
8  180
6  175
7  160
49  1380
5  180
8  135
10  220
31  576
4  125
7  168
5  180
36  740
6  140
24  625
24  350
12  247
28  812
63  1600
5  120
28  290
39  600
28  725
9  250
1  60
31  640
6  161
4  105
38  624
12  208
26  675
40  621
42  1078
24  750
11  300
30  496
25  650
25  390
21  550
4  125
25  390
9  250
18  304
13  266
41  1050
8  225
5  108
7  208
7  176
7  200
6  210
7  208
15  336
40  828
28  725
5  180
28  754
32  990
72  1559
26  540
45  726
34  700
9  230
31  672
13  336
13  392
42  860
31  640
8  225
28  580
33  408
4  125
19  480
27  700
13  280
26  513
24  250
24  750
10  220
12  221
4  100
33  374
33  510
30  775
9  300
7  200
29  750
31  800
6  196
43  1120
25  546
4  125
32  924
14  375
8  225
23  720
37  760
3  100
29  750
31  640
5  60
31  640
41  688
30  465
10  187
28  580
42  430
27  812
12  260
5  120
23  360
30  806
7  200
39  600
47  1008
6  210
42  881
33  340
5  120
14  390
50  937
29  900
34  560
44  1000
24  650
67  1240
32  462
17  522
8  90
33  680
29  720
63  1936
8  270
32  495
6  175
23  480
30  682
25  650
24  500
7  200
26  297
7  160
31  800
6  175
43  916
43  900
57  1450
8  144
5  126
64  1300
7  208
8  270
7  128
7  200
32  495
21  440
29  750
61  1606
39  640
33  510
28  580
28  580
59  600
30  620
18  399
5  150
25  676
6  175
7  160
24  375
28  812
20  315
28  580
47  1008
7  200
25  520
5  120
45  920
8  225
28  667
7  184
26  540
24  400
12  325
9  250
6  175
12  260
6  175
6  175
25  1014
15  240
27  812
7  168
41  1058
30  651
35  684
6  203
5  180
6  147
24  750
40  615
9  250
41  756
20  525
4  170
35  864
7  160
28  725
42  1075
7  168
12  195
27  700
39  800
56  1459
5  180
12  273
28  580
25  520
8  270
10  220
9  300
30  620
6  112
5  132
13  420
13  280
12  286
4  85
25  780
26  810
26  378
45  904
35  720
36  740
13  280
5  162
7  200
26  540
40  820
3  96
58  1770
24  625
9  150
35  900
33  850
29  330
28  783
28  725
7  112
25  520
32  660
8  270
23  480
20  525
16  425
15  336
12  260
41  850
42  537
4  150
26  675
17  360
35  900
14  330
5  168
11  216
43  792
11  240
26  675
46  996
13  238
31  672
30  775
14  315
26  594
16  357
5  120
39  960
32  660
12  260
33  816
36  1110
5  90
8  180
73  1332
38  975
28  725
8  180
6  245
32  627
62  1490
7  120
47  560
27  560
61  1860
6  175
23  600
65  1650
5  78
6  175
38  585
30  930
4  125
30  651
55  984
48  1225
6  140
5  150
31  672
26  540
0  22
7  200
24  500
6  175
12  182
34  700
10  165
6  161
7  160
43  676
25  650
23  624
85  1812
46  1015
32  990
11  300
4  90
8  234
5  120
28  609
32  825
6  196
8  135
61  1142
7  240
28  725
42  1075
29  600
31  640
6  112
23  360
9  200
11  240
12  260
8  225
6  140
25  520
4  125
17  288
12  260
29  600
50  1428
36  925
22  368
80  2071
58  1711
7  168
25  650
10  330
6  126
29  750
33  850
10  275
35  756
12  325
38  975
21  440
63  1216
36  925
6  140
9  250
8  270
36  888
26  297
23  504
6  140
39  1200
26  675
34  735
43  888
27  812
5  150
48  713
43  1320
4  145
30  651
9  200
41  722
36  740
43  888
11  360
4  150
35  396
4  100
36  740
35  360
7  240
40  825
23  720
28  580
47  856
4  150
18  285
39  1000
7  160
6  189
5  144
44  1145
30  620
9  150
30  620
30  651
3  76
19  420
8  144
4  125
64  1625
27  336
27  756
27  812
10  220
4  100
38  585
3  140
31  640
28  725
42  1075
25  572
26  918
10  275
20  420
13  280
39  800
34  875
17  450
6  210
44  1125
67  1444
29  960
24  425
9  150
7  232
4  150
6  210
47  1256
7  200
46  787
27  700
39  600
71  2040
31  800
5  180
30  775
7  192
25  390
8  180
24  675
34  700
6  175
8  270
6  210
25  650
3  100
27  700
30  620
25  520
37  570
39  800
6  168
23  600
8  270
8  225
47  968
6  189
33  748
30  558
39  640
33  850
30  651
27  448
36  925
4  105
23  600
27  420
27  364
30  775
27  672
19  460
35  1080
19  400
6  175
7  232
4  125
12  377
38  780
17  378
5  180
44  1260
7  208
25  702
6  140
30  868
52  530
10  275
7  160
58  1749
40  861
31  864
26  783
13  238
32  825
13  210
7  200
29  750
9  150
7  152
35  756
83  1268
5  114
19  340
61  1302
17  540
67  1500
39  840
6  175
5  150
9  250
30  744
6  182
4  105
30  682
11  300
5  156
28  870
32  990
17  450
69  1570
43  900
38  780
28  725
36  740
6  140
39  640
30  496
32  594
21  440
37  760
27  700
19  420
3  80
52  1164
32  594
12  260
30  620
28  609
3  104
31  1120
6  210
11  360
18  399
38  780
6  140
10  319
11  300
10  187
31  672
31  640
8  270
31  640
10  165
29  570
7  224
37  760
7  192
42  1084
35  792
29  600
35  900
8  261
40  912
6  168
45  920
49  880
44  960
41  842
61  1550
8  270
42  516
38  975
7  160
5  180
7  200
22  414
32  759
8  225
5  126
2  75
40  619
29  630
37  1064
37  646
6  182
6  175
8  270
27  700
5  174
27  448
30  651
7  176
5  90
34  665
39  1200
27  560
28  580
25  650
40  865
30  1054
55  1464
6  175
6  126
7  200
4  150
5  120
7  152
20  420
5  180
29  750
7  160
30  775
46  961
6  140
6  175
25  442
9  200
10  220
5  132
2  78
6  175
28  725
6  203
36  555
3  84
8  180
7  160
38  975
4  100
34  700
7  240
24  500
27  560
37  950
44  990
6  168
29  630
35  540
40  861
18  399
34  525
5  150
8  189
46  968
46  1196
38  1170
25  754
6  175
10  176
32  726
25  650
31  512
8  180
35  1080
30  775
10  220
5  96
5  150
20  630
30  496
10  275
32  792
45  920
29  720
12  260
6  203
9  300
11  300
27  560
30  558
7  200
16  425
26  540
6  140
5  120
28  609
11  240
32  825
32  957
5  180
6  133
8  225
30  775
16  425
34  700
35  720
5  150
19  300
5  150
24  500
28  696
33  680
13  350
25  390
7  160
3  100
7  176
6  140
28  580
8  216
4  100
31  800
16  425
6  175
12  325
35  900
16  425
35  900
17  450
18  456
43  660
31  640
14  375
26  432
32  660
7  232
61  1116
9  100
30  930
6  140
30  620
5  96
29  600
7  160
33  952
30  527
72  1095
10  275
10  253
3  100
44  810
8  216
7  192
44  920
49  1300
8  225
17  360
5  102
5  150
42  872
40  909
6  210
29  600
9  240
106  2274
13  294
7  160
23  648
58  1475
10  275
27  560
30  775
47  768
75  1664
27  560
8  135
29  900
34  875
8  180
28  870
38  975
6  175
26  540
3  72
29  750
23  432
8  234
51  1088
22  368
26  675
43  908
28  725
3  104
44  900
43  1100
4  125
6  119
8  225
21  638
25  754
22  460
41  840
19  400
3  80
8  225
6  210
40  827
25  468
12  260
5  120
48  1078
24  500
24  325
74  2085
2  60
26  540
33  850
66  1448
14  315
30  527
42  660
31  640
8  180
5  114
8  225
28  609
25  390
6  196
5  126
4  145
6  140
4  100
7  200
4  125
47  1120
28  580
5  150
30  620
5  96
13  350
33  850
2  66
12  130
32  660
6  210
25  598
39  1200
7  144
29  600
8  135
0  23
5  180
24  575
6  175
118  2217
31  640
47  960
28  580
32  660
6  203
14  240
41  420
31  640
38  780
32  891
31  640
35  720
5  150
38  780
24  700
26  540
29  870
26  648
34  735
8  225
30  620
6  105
9  200
12  260
49  1160
4  100
32  825
6  168
33  850
31  800
37  532
7  160
9  160
36  777
23  480
7  160
6  175
38  975
54  710
4  125
28  522
28  725
61  1638
6  175
60  1037
61  1478
7  160
5  180
14  330
33  680
7  168
4  125
61  1638
29  540
7  200
24  625
6  154
24  500
27  672
64  1050
5  144
28  870
29  750
5  150
65  1450
28  725
15  336
7  200
43  900
37  950
27  560
28  725
28  754
28  812
26  540
29  900
40  697
29  750
11  300
28  580
45  1380
3  120
39  720
8  225
5  120
7  200
33  850
3  100
47  1224
6  84
7  200
27  812
44  730
29  750
31  640
5  120
31  672
5  108
57  1812
26  675
5  150
38  780
32  726
29  900
8  225
32  792
27  812
7  240
60  1586
11  240
18  380
7  168
30  620
27  420
4  125
34  560
24  550
13  350
3  120
4  140
46  1210
25  650
39  800
7  200
31  960
25  650
5  150
49  830
3  96
39  1000
10  275
7  168
37  798
25  650
26  567
32  561
5  96
22  437
7  160
6  210
37  570
0  20
33  680
52  1003
9  300
21  440
1  50
32  825
5  120
37  950
19  700
5  150
6  175
44  810
27  560
25  416
33  714
29  750
22  575
26  675
61  1364
6  175
25  520
27  700
6  91
28  725
35  900
34  875
25  520
45  690
82  1349
3  120
30  930
8  225
22  598
5  174
46  987
8  252
25  650
29  750
40  820
6  175
9  200
26  540
22  483
6  175
41  840
30  465
28  435
89  1790
5  126
47  992
6  140
40  861
7  120
9  160
51  1076
8  180
31  640
42  1084
26  540
19  400
8  180
28  464
2  66
5  138
22  460
29  510
30  465
22  506
7  160
8  162
7  200
0  20
34  910
31  800
11  252
17  450
7  88
5  150
31  640
10  220
7  240
12  377
15  336
8  216
8  216
72  2023
36  629
8  189
5  162
31  704
8  180
5  174
10  231
32  561
26  540
26  297
22  483
5  126
39  800
3  80
84  1565
25  416
6  175
30  775
9  250
5  180
6  147
5  150
30  713
5  150
32  825
7  240
36  740
7  104
8  198
9  260
36  555
32  660
27  448
1  42
7  120
8  270
39  1000
20  420
45  784
11  300
27  700
38  585
22  690
29  750
15  336
49  630
15  320
35  792
25  650
11  252
21  440
2  75
8  189
44  915
12  299
7  160
9  200
4  100
15  400
25  572
5  126
1  34
32  660
30  775
8  135
41  882
8  225
31  640
5  180
11  204
58  1475
23  600
30  620
7  208
27  532
4  115
5  120
27  700
15  384
23  360
36  925
29  630
69  1470
24  500
21  550
45  938
6  140
7  160
24  625
84  1630
7  160
26  675
9  180
10  165
7  200
12  390
24  625
100  1746
39  1000
41  630
23  408
7  200
32  825
39  840
29  750
42  860
66  1367
41  1176
66  1193
8  225
7  208
28  812
6  175
22  460
67  1896
45  944
10  330
46  996
12  260
37  874
8  225
26  540
63  1352
16  340
56  1208
19  320
29  570
8  225
6  175
27  560
29  750
31  672
27  840
40  1025
33  714
5  150
6  203
15  320
30  465
12  312
12  325
17  270
5  150
31  480
28  377
43  440
5  180
39  840
27  700
45  920
52  1205
21  550
4  125
7  192
32  825
84  1700
4  105
71  1080
30  620
6  175
26  675
42  860
20  420
75  1932
7  200
36  555
6  91
23  600
29  600
23  600
5  144
9  200
8  225
8  144
31  800
7  200
14  315
72  1460
7  160
6  175
29  600
4  100
4  120
31  800
32  594
28  725
35  1080
9  170
34  490
6  203
32  825
28  725
9  200
35  900
36  962
32  792
30  775
6  105
43  1276
5  132
10  275
2  69
61  1682
50  1115
30  620
46  1210
24  600
81  1230
50  1020
29  750
8  180
5  126
12  325
29  600
6  182
43  1320
6  175
45  756
31  960
18  475
8  180
34  1050
38  897
8  162
28  754
20  525
7  240
5  150
33  748
15  320
36  1110
6  182
61  1240
4  120
5  120
36  925
5  180
5  180
33  680
29  630
5  126
45  968
26  621
39  680
13  280
29  600
58  1494
2  75
28  725
13  294
26  567
28  870
79  1200
7  200
43  1116
3  112
7  160
29  330
34  700
4  125
16  306
5  150
12  325
31  800
88  1679
13  280
42  1247
12  338
33  680
4  130
10  176
30  527
8  225
15  320
32  660
27  280
33  748
38  780
5  90
32  990
9  290
3  112
28  725
2  87
21  330
7  200
1  60
27  560
31  480
8  225
22  460
5  162
7  192
27  840
3  80
46  470
20  315
44  900
6  147
30  930
43  704
6  119
3  100
28  725
9  150
15  336
10  286
51  1160
30  496
29  750
10  209
31  960
7  240
41  860
33  578
6  175
10  286
74  1500
10  242
25  650
21  550
31  832
7  200
38  663
45  968
29  750
32  825
13  322
33  850
15  400
26  540
11  420
27  700
45  920
32  990
33  850
53  1206
36  925
27  868
7  240
5  156
52  1060
4  175
46  940
32  825
33  442
20  315
7  168
31  640
26  540
36  740
31  640
24  500
14  375
23  576
4  100
5  144
25  390
64  1215
29  750
7  200
28  725
34  840
42  1075
13  280
17  432
29  750
77  1170
13  294
44  1160
6  175
48  575
5  126
7  200
27  560
7  200
28  870
23  504
4  100
34  735
32  693
32  990
29  870
40  862
36  925
27  560
7  240
10  275
28  580
26  270
7  200
7  208
30  372
26  621
19  300
26  675
42  675
7  160
40  947
67  1388
44  540
42  860
3  112
8  180
38  663
34  700
7  160
6  140
63  1120
6  168
18  380
49  910
40  1025
25  598
25  520
10  220
36  814
27  672
29  510
32  825
48  1261
7  136
7  112
39  800
7  128
12  390
13  280
47  1232
13  280
40  618
40  827
9  200
75  1320
8  270
31  672
23  600
28  870
6  175
34  735
65  858
26  540
7  208
28  464
49  900
63  1600
3  120
15  176
4  150
9  250
3  100
10  165
3  88
27  700
32  561
6  133
33  850
7  168
62  1289
31  800
28  754
47  960
12  325
36  1110
6  175
38  819
12  273
25  546
42  559
40  1025
9  200
5  156
9  200
5  132
5  150
18  380
12  325
13  350
40  820
68  1173
31  640
8  234
45  920
9  300
12  260
28  609
31  672
6  126
28  696
45  710
18  380
4  105
8  225
26  810
44  900
36  555
26  702
29  900
36  925
33  850
32  957
27  700
29  750
14  375
45  1048
38  780
57  1450
28  638
45  1180
35  1080
7  280
7  168
9  300
29  630
36  481
33  748
8  180
39  1000
5  180
30  651
7  184
27  700
34  875
5  156
30  775
34  1015
45  1174
30  899
24  625
24  450
8  270
5  150
12  273
38  975
21  462
21  770
33  850
35  396
5  132
26  675
34  700
33  850
42  946
10  242
21  440
26  459
6  175
8  198
29  750
78  1853
7  144
12  325
40  865
18  475
6  182
7  160
4  100
34  1015
44  1145
60  1144
25  780
34  840
4  100
29  750
6  175
3  116
3  104
4  105
9  200
9  200
37  760
4  100
6  140
10  275
5  150
7  160
4  125
6  119
11  180
25  650
10  220
46  1017
5  120
36  740
32  825
33  510
9  220
39  920
20  525
8  180
7  200
60  1388
7  160
26  594
60  1525
48  833
35  720
30  775
9  200
61  1240
8  225
5  150
6  210
49  1000
8  189
21  660
33  1020
4  125
25  650
22  575
70  1207
45  944
31  800
63  960
5  126
18  361
37  950
40  825
24  500
1  50
7  232
11  144
28  609
6  140
4  125
32  825
21  352
11  336
5  96
10  231
45  1150
12  325
7  200
9  250
30  775
45  750
46  1316
30  868
33  986
6  112
6  140
35  612
9  200
31  640
37  760
28  725
2  60
6  140
4  105
5  150
5  162
30  496
47  720
31  640
35  900
9  250
30  775
27  560
0  25
39  1040
4  130
28  580
10  220
39  640
7  200
10  330
43  880
37  570
7  232
66  2091
42  774
26  675
6  140
27  588
28  580
5  132
47  1008
30  1085
32  660
22  575
3  80
8  180
9  300
12  221
31  800
31  640
40  820
23  720
10  176
15  256
27  560
7  152
7  160
29  630
42  774
28  870
13  308
29  600
3  64
36  888
6  154
7  200
9  200
35  756
11  240
1  50
4  125
6  210
25  780
37  1140
6  175
42  1087
6  154
33  1020
4  125
13  280
7  152
7  160
44  1125
25  650
29  630
4  125
20  483
6  140
6  140
25  520
62  1575
8  180
29  750
6  175
56  912
6  182
34  735
6  140
14  375
7  88
32  660
23  720
42  561
3  60
8  225
25  650
17  450
5  126
6  140
8  135
39  640
11  300
30  620
3  84
28  870
7  96
5  210
6  154
6  175
10  253
29  750
35  540
42  1290
44  1000
9  250
35  1080
28  464
3  64
6  140
10  220
8  135
56  1042
9  200
49  1300
7  160
61  1660
5  180
6  175
11  300
31  832
25  520
8  189
62  1221
29  750
29  750
46  1203
29  750
8  225
9  250
8  270
38  507
27  560
37  570
2  60
29  630
82  1373
32  825
30  651
9  250
29  750
23  288
9  250
9  250
23  480
35  576
8  189
36  777
41  840
32  924
6  175
1  50
7  128
39  800
33  850
6  175
22  575
41  850
4  80
8  162
7  168
25  520
63  1440
47  1152
14  300
26  540
4  160
23  600
30  775
43  920
32  693
32  660
29  570
5  156
62  1106
42  903
67  1472
42  903
5  150
22  345
52  1125
37  988
6  140
34  1015
4  150
46  1003
14  360
27  504
19  380
83  1520
42  903
28  435
6  182
39  1000
35  756
20  315
7  200
7  160
7  160
29  630
26  702
24  500
6  147
7  136
63  1560
9  240
7  112
7  160
23  480
23  384
28  580
6  175
7  200
6  175
10  275
28  725
17  414
7  200
42  645
10  220
16  340
19  500
31  896
7  176
32  330
6  210
27  560
4  120
33  850
60  1409
31  640
27  700
10  297
8  180
30  496
28  870
47  1000
5  180
7  200
37  608
7  160
44  990
38  741
47  768
40  820
37  912
30  620
40  1230
27  560
28  986
11  276
22  575
5  180
34  875
28  725
8  225
6  182
28  725
20  525
29  600
6  140
29  750
3  64
24  625
85  1526
34  700
3  100
69  1210
10  264
8  126
32  990
33  782
25  520
38  780
7  176
35  720
23  600
74  1640
7  144
6  182
36  740
8  180
8  144
31  960
9  250
32  462
25  676
23  504
5  150
30  620
30  620
6  210
22  483
29  750
27  588
60  1445
3  80
30  620
45  1058
19  580
31  864
37  950
65  1584
27  420
7  200
24  500
33  782
24  525
32  528
29  600
12  325
45  968
28  696
31  640
33  680
9  200
42  860
7  192
37  684
9  250
2  78
30  620
65  1016
71  1744
60  1464
3  100
42  522
2  60
35  720
48  847
22  667
6  147
35  792
9  180
20  420
7  200
34  875
24  500
6  245
26  810
27  588
29  600
38  975
35  756
7  160
18  399
43  748
32  858
37  760
10  275
26  540
61  1234
8  225
4  100
8  180
12  260
6  175
13  280
26  675
31  512
45  1380
5  180
6  238
45  714
7  192
7  136
46  1410
11  240
13  280
31  480
71  1440
12  260
71  1640
4  125
7  160
7  200
6  140
26  567
12  325
5  72
41  882
3  104
35  900
27  420
42  989
8  225
37  950
28  725
14  300
31  800
28  870
8  198
5  120
33  714
26  432
6  140
31  800
1  48
35  900
4  125
30  651
24  750
22  690
36  444
25  780
23  600
32  495
33  680
36  777
30  558
8  225
82  1921
6  182
43  1100
89  2150
8  180
2  84
24  525
28  870
6  154
31  928
34  630
5  150
6  175
9  160
25  702
4  75
6  210
6  147
14  375
40  861
44  675
8  225
48  1225
27  700
6  175
6  175
39  800
2  75
29  480
23  600
29  600
6  175
16  340
65  1386
5  150
6  154
6  147
28  725
8  153
44  1175
43  1120
31  640
7  240
5  180
6  175
34  595
30  775
7  160
7  200
42  1075
5  114
5  180
28  580
7  200
7  200
41  1092
29  480
27  336
7  280
41  850
27  672
46  989
33  680
7  160
4  125
6  140
22  345
6  126
6  105
9  200
7  168
22  690
33  850
4  115
31  864
27  700
32  594
7  160
32  660
36  481
14  375
24  625
38  975
8  225
37  950
25  650
30  806
7  240
29  750
41  844
62  1782
6  245
6  140
30  930
22  460
31  672
22  460
45  1174
17  504
34  560
36  925
63  1600
10  275
7  168
38  975
7  200
5  126
14  405
32  825
6  168
48  1270
25  650
7  200
8  144
70  1065
11  300
33  680
106  2207
6  175
5  120
6  119
11  132
44  1135
34  840
29  450
0  30
46  787
6  140
8  180
5  180
4  150
23  432
17  540
4  125
31  800
20  504
27  700
8  225
34  700
2  69
6  140
23  600
32  1056
23  600
6  154
37  950
6  210
3  132
7  200
38  975
23  504
42  1047
7  136
4  125
30  775
28  580
43  480
2  69
28  725
4  125
7  120
59  1800
30  651
46  1245
6  140
13  252
29  600
35  756
4  80
27  700
8  225
32  693
40  1029
30  527
10  220
21  440
22  575
40  1107
33  1054
70  834
24  375
29  600
6  175
9  250
51  1040
4  175
7  120
26  675
37  836
6  175
8  225
2  45
7  200
4  90
30  930
27  700
41  714
28  696
26  810
30  775
41  1272
28  870
61  1284
5  150
5  180
17  450
8  180
46  1189
7  120
7  160
28  870
10  286
5  90
28  609
54  1235
8  225
25  520
40  697
4  125
35  540
22  437
26  675
9  200
29  750
63  960
72  1227
30  1054
41  882
81  1656
27  840
19  400
15  320
5  180
16  255
25  546
21  550
33  714
40  615
33  714
18  209
42  875
6  112
42  678
29  600
39  880
29  900
8  180
39  840
41  462
31  800
61  996
6  203
29  660
45  1150
8  108
7  128
5  150
31  800
5  120
23  384
18  418
23  600
46  1217
28  580
18  380
7  200
9  220
34  875
15  400
68  1812
2  60
22  575
15  320
60  1525
28  725
8  180
10  209
8  270
66  1742
34  700
43  880
7  160
34  560
9  200
35  720
34  770
29  870
42  860
27  728
6  210
10  330
6  140
4  100
4  115
8  315
22  368
1  70
5  150
21  550
8  135
24  725
5  150
20  336
26  702
41  856
28  725
29  690
24  750
8  225
6  175
24  625
22  690
38  585
26  540
66  1340
44  1375
26  675
11  240
6  126
7  200
26  729
8  180
30  651
35  756
6  175
9  200
12  260
7  232
30  620
37  950
34  770
6  140
68  835
19  580
4  145
44  1030
23  408
86  2003
28  725
53  810
26  810
29  750
8  180
31  512
7  160
35  612
5  156
8  225
28  580
3  88
27  700
11  288
10  209
37  798
32  825
28  493
41  882
35  612
32  990
13  140
29  660
6  175
33  850
5  156
26  675
7  240
40  866
29  900
82  1724
33  510
17  396
8  225
32  594
58  1551
30  775
31  544
6  140
9  200
10  220
7  240
6  175
27  980
39  1000
2  75
41  504
45  1042
37  950
33  578
22  322
9  250
32  660
7  240
61  1284
5  180
47  1224
7  208
12  390
18  494
7  160
32  660
33  680
62  1575
30  775
63  1696
7  232
6  175
5  90
6  175
8  234
33  816
8  180
28  870
27  700
33  850
6  133
28  609
36  962
5  102
35  900
8  180
27  812
24  625
5  180
30  620
5  150
20  420
9  200
6  175
2  90
26  540
12  260
28  609
9  250
39  800
5  126
31  800
5  150
22  460
8  225
27  700
23  480
26  675
27  448
25  650
29  600
7  168
27  728
21  594
25  650
35  360
30  806
24  650
65  1320
28  464
6  140
36  777
21  440
4  125
9  150
33  714
19  500
2  63
25  546
3  136
26  675
37  760
24  750
13  350
4  125
36  481
6  210
13  280
8  225
46  1325
27  560
4  100
40  656
27  560
3  100
28  841
41  882
31  480
2  72
13  294
6  140
7  200
29  810
21  550
25  520
30  620
29  450
36  925
8  252
13  154
27  700
34  1050
32  825
10  231
31  960
39  1000
9  210
22  575
22  575
4  100
24  650
25  650
62  1163
26  540
40  584
9  130
14  300
31  672
51  1160
28  841
27  812
25  442
32  363
46  761
29  750
48  980
37  950
32  561
46  954
44  720
37  950
36  888
15  560
40  820
28  609
25  520
6  175
46  752
4  125
47  1056
61  992
28  725
31  800
11  252
6  175
61  1488
22  575
29  750
27  812
33  680
28  1015
31  800
24  400
10  275
5  150
6  147
40  984
8  108
27  700
23  600
10  220
30  744
35  576
41  632
30  806
29  660
30  465
7  240
26  432
41  1050
7  200
8  153
21  374
25  520
4  150
59  660
19  400
25  520
10  286
6  175
5  120
49  1000
30  775
40  820
28  870
42  697
10  275
21  550
28  725
27  812
27  840
20  525
31  800
28  464
5  180
29  600
63  1400
14  375
35  900
32  495
30  868
7  200
29  630
9  200
26  729
33  850
37  798
6  175
9  290
5  132
30  775
3  100
26  675
5  90
12  338
32  957
9  200
6  231
27  560
25  520
29  780
33  578
26  540
24  575
65  1212
34  700
4  100
31  512
66  1742
9  250
5  150
31  864
7  200
31  672
30  744
27  700
11  276
45  1210
6  175
29  750
6  175
8  225
9  180
61  1860
58  1475
22  483
4  125
102  2181
55  760
24  725
35  936
32  660
30  496
6  119
13  210
37  950
26  540
7  160
25  520
58  1237
6  175
14  300
63  1480
9  220
8  144
7  200
31  512
43  928
28  725
5  120
9  220
5  150
5  132
39  680
34  875
100  2041
25  754
34  875
45  1058
25  780
28  580
10  220
34  910
32  660
31  512
33  816
25  780
38  741
25  676
39  400
27  700
9  220
62  1421
3  140
28  580
7  200
12  195
24  500
24  500
27  700
8  225
45  932
33  748
34  875
7  240
32  792
6  140
30  930
45  1198
7  224
25  390
6  245
7  240
6  175
61  1302
86  1822
24  750
32  726
5  150
8  153
7  200
30  527
7  208
25  650
7  240
5  180
32  990
6  168
66  1234
3  80
4  150
6  175
4  110
30  527
35  792
32  825
21  462
19  600
27  728
45  714
30  558
8  270
27  700
50  1275
38  663
22  575
7  128
8  180
29  510
7  240
10  231
9  300
34  700
9  200
31  640
7  200
68  1852
5  120
31  800
5  120
6  140
32  825
30  713
31  640
29  600
8  99
9  260
31  800
13  280
31  704
25  624
7  200
38  780
63  1600
25  416
34  875
9  200
8  225
32  825
6  210
47  960
7  200
31  640
36  925
42  463
6  175
7  128
29  510
5  168
5  180
89  1900
26  540
35  900
22  483
20  336
46  968
27  700
43  896
6  175
19  500
7  200
5  120
61  1638
32  528
41  840
13  280
6  147
9  200
1  58
33  816
11  348
36  925
10  275
35  864
32  660
26  459
30  744
9  200
0  22
27  700
4  130
25  520
21  528
7  120
11  240
5  126
30  775
67  1104
30  744
6  203
22  575
30  930
40  1026
31  800
39  840
46  1276
77  1398
28  667
41  840
25  780
36  555
7  184
25  650
72  1858
23  600
6  175
0  18
4  140
22  575
4  125
9  200
8  225
30  775
6  175
11  300
6  210
36  925
28  580
25  520
28  725
25  416
25  650
8  234
34  875
39  1000
23  744
39  680
6  210
9  160
7  160
29  900
39  800
31  384
29  480
45  760
26  297
38  702
21  440
31  800
41  588
36  740
42  872
33  986
5  210
30  620
24  750
7  200
34  875
34  665
4  60
4  105
27  700
28  725
22  782
9  230
2  33
22  506
7  240
24  675
65  1148
35  576
7  200
32  990
7  160
6  175
11  240
34  945
33  850
24  500
25  910
29  750
32  990
6  175
31  800
30  930
36  592
86  1815
7  136
7  160
31  640
1  42
60  1144
8  216
34  875
25  650
7  176
9  250
30  930
5  120
5  120
27  420
8  144
6  210
3  116
30  806
27  700
7  160
37  950
7  200
31  384
30  496
8  189
63  1520
34  700
32  825
31  800
6  140
27  672
16  391
10  220
33  850
39  400
7  88
3  100
8  225
9  200
4  175
6  210
9  200
6  140
26  459
37  798
10  176
24  750
9  280
46  705
47  688
9  250
14  315
22  575
23  480
39  960
35  720
10  198
31  704
6  175
64  1275
35  1080
32  825
62  1690
33  408
7  192
13  336
38  429
32  693
37  1026
0  25
11  240
27  560
35  720
30  775
5  120
33  1020
27  672
49  1040
33  476
29  750
5  114
29  600
28  870
25  650
64  1075
10  275
36  740
27  700
13  392
5  180
31  800
25  780
6  168
30  620
24  275
34  525
27  560
35  900
4  120
31  800
32  528
31  928
7  200
10  220
41  862
5  126
4  125
25  676
10  275
8  216
4  100
43  924
34  595
47  704
9  250
3  100
28  609
37  950
23  600
40  902
29  840
3  64
37  608
70  1278
27  560
29  600
4  75
29  750
22  460
3  76
34  1225
28  725
33  850
58  1256
8  225
29  720
9  300
27  700
10  330
33  1020
34  980
7  120
7  160
23  480
33  680
6  175
33  850
61  1726
35  972
29  750
35  900
28  464
59  1120
27  672
29  600
44  925
9  250
5  150
30  775
29  750
28  609
65  1580
37  760
37  950
25  520
11  192
9  290
6  168
5  150
85  1852
7  160
5  186
4  105
42  860
103  2656
3  100
49  1580
42  1247
8  189
20  525
25  780
51  1300
10  319
6  175
37  722
71  1632
7  136
5  180
8  225
7  240
14  315
8  270
32  924
38  780
29  780
21  330
31  960
43  944
29  600
16  391
3  120
34  700
6  245
10  264
6  119
5  132
47  848
34  770
25  520
6  140
8  180
30  775
27  420
32  825
29  900
28  696
6  175
7  160
26  621
8  180
5  120
66  1207
9  200
22  575
6  175
24  625
5  180
28  870
36  629
7  240
38  780
9  250
8  180
16  357
41  842
9  150
30  930
35  972
38  897
25  754
1  50
30  682
25  546
20  525
37  760
34  700
49  800
40  872
20  525
11  180
34  735
8  180
47  1224
27  700
29  600
32  726
8  180
36  888
6  140
24  500
7  160
32  858
9  250
26  432
6  210
13  280
13  420
18  323
6  175
23  624
10  220
28  435
22  575
3  100
7  176
41  840
42  1075
7  200
7  200
29  780
6  105
10  275
73  2088
61  1860
25  650
6  203
30  620
20  504
39  600
26  459
41  854
62  1724
39  760
32  660
29  600
18  456
4  125
33  952
27  700
26  567
19  580
36  740
27  448
25  650
23  408
31  544
28  725
24  400
5  138
14  375
45  956
31  800
12  195
6  140
35  576
26  621
12  312
6  175
3  100
29  840
32  726
16  340
36  740
38  780
35  540
11  240
23  264
14  225
24  500
8  225
32  924
26  540
26  405
6  175
9  280
9  250
30  775
18  380
6  91
6  175
40  410
27  812
6  119
6  147
7  192
27  448
37  760
33  748
6  175
6  154
46  810
12  325
62  1260
9  250
8  225
30  620
50  1020
5  150
37  760
29  600
27  504
7  144
34  875
26  378
6  175
3  60
8  180
26  702
21  330
5  150
29  750
11  240
4  100
5  120
27  616
41  890
38  975
32  495
59  1020
25  598
29  900
22  575
13  280
1  54
9  200
20  630
6  175
10  275
33  850
2  63
10  220
32  330
22  460
25  650
45  874
34  700
35  504
8  207
10  231
8  225
25  520
5  180
6  175
7  168
31  800
7  80
6  105
7  160
32  660
5  150
56  923
8  225
59  1500
8  315
63  1600
22  575
11  300
28  464
4  105
31  960
6  210
10  231
23  720
59  1800
33  1020
37  684
40  821
7  160
27  588
68  1525
40  1148
37  760
5  180
9  150
33  510
42  1032
38  975
5  150
30  310
6  203
49  1000
12  325
22  690
21  550
32  792
31  832
14  225
27  560
30  775
8  225
7  200
37  608
40  861
26  702
10  286
27  700
46  1088
6  175
29  630
22  460
24  500
7  200
39  800
19  400
77  1872
5  120
6  119
43  880
4  100
12  312
5  210
5  72
47  976
21  550
12  325
42  860
32  594
7  240
4  125
32  825
7  160
30  465
46  1224
5  120
7  280
13  252
4  100
64  1300
5  150
10  275
23  600
8  225
3  80
42  657
22  575
26  540
8  216
28  754
37  760
3  100
25  650
28  580
1  48
6  140
22  460
5  126
31  768
13  350
7  200
9  120
48  1225
6  175
27  420
29  600
27  784
6  175
38  1092
9  300
32  726
25  520
6  210
20  609
49  1120
16  425
24  500
29  900
23  480
26  810
3  68
24  625
55  1280
31  800
36  740
33  816
18  228
4  150
31  800
5  120
29  600
22  460
46  921
8  144
86  1956
13  350
39  680
7  240
7  192
6  210
32  495
30  589
8  234
2  75
6  238
4  120
35  900
33  680
35  540
41  846
5  150
21  440
19  560
2  69
27  700
24  550
7  160
21  440
29  750
8  144
60  1695
23  240
24  600
28  725
37  874
72  1705
33  986
31  960
33  680
39  800
30  620
6  154
31  640
10  275
43  896
62  1192
10  275
6  175
61  1284
6  175
26  648
26  675
7  160
5  144
4  105
8  234
11  240
5  120
28  580
14  180
10  297
43  456
38  1053
29  450
28  725
39  800
32  825
29  750
total gen: 117970 | total tests: 2705989
