number of indvs: 100 indvs by region: 10
4  500
4  500
1  200
8  900
3  400
3  400
2  300
1  200
2  300
26  2700
4  500
0  100
4  500
4  500
2  300
14  1500
2  300
9  1000
5  600
2  300
2  300
3  400
4  500
0  100
4  500
2  300
6  700
3  400
6  700
3  400
5  600
3  400
3  400
4  500
0  100
5  600
2  300
3  400
2  300
4  500
3  400
3  400
3  400
3  400
3  400
3  400
5  600
3  400
2  300
0  100
12  1300
3  400
3  400
4  500
11  1200
2  300
5  600
7  800
3  400
3  400
5  600
3  400
7  800
2  300
5  600
4  500
3  400
2  300
2  300
6  700
11  1200
0  100
2  300
3  400
1  200
1  200
4  500
5  600
5  600
3  400
21  2200
16  1700
5  600
7  800
17  1800
3  400
0  100
1  200
0  100
14  1500
2  300
2  300
3  400
14  1500
5  600
4  500
2  300
5  600
4  500
5  600
1  200
2  300
4  500
15  1600
4  500
3  400
3  400
2  300
1  200
1  200
3  400
2  300
4  500
8  900
0  100
2  300
3  400
5  600
3  400
4  500
2  300
2  300
4  500
3  400
0  100
17  1800
3  400
3  400
3  400
0  100
1  200
0  100
4  500
0  100
3  400
7  800
0  100
10  1100
3  400
2  300
13  1400
3  400
4  500
2  300
0  100
2  300
4  500
3  400
6  700
10  1100
0  100
3  400
7  800
3  400
5  600
5  600
5  600
12  1300
3  400
11  1200
0  100
15  1600
0  100
6  700
26  2700
16  1700
2  300
6  700
3  400
0  100
2  300
2  300
7  800
5  600
2  300
31  3200
4  500
4  500
0  100
2  300
0  100
4  500
1  200
0  100
2  300
3  400
3  400
3  400
3  400
5  600
6  700
5  600
2  300
4  500
3  400
4  500
1  200
0  100
3  400
3  400
7  800
2  300
0  100
4  500
10  1100
3  400
7  800
3  400
4  500
1  200
9  1000
8  900
1  200
4  500
9  1000
3  400
3  400
1  200
5  600
4  500
0  100
3  400
7  800
3  400
0  100
3  400
2  300
19  2000
4  500
5  600
5  600
3  400
3  400
3  400
4  500
2  300
1  200
1  200
3  400
3  400
5  600
2  300
0  100
3  400
4  500
8  900
7  800
5  600
0  100
4  500
2  300
3  400
2  300
4  500
3  400
5  600
4  500
5  600
4  500
4  500
3  400
2  300
0  100
3  400
1  200
0  100
3  400
1  200
1  200
2  300
4  500
4  500
6  700
1  200
0  100
3  400
4  500
0  100
4  500
2  300
2  300
18  1900
3  400
0  100
0  100
5  600
3  400
0  100
2  300
4  500
0  100
3  400
1  200
0  100
1  200
0  100
3  400
2  300
0  100
4  500
3  400
2  300
1  200
17  1800
2  300
1  200
0  100
2  300
1  200
4  500
11  1200
4  500
4  500
5  600
5  600
2  300
11  1200
3  400
3  400
3  400
5  600
3  400
0  100
3  400
4  500
5  600
6  700
4  500
3  400
5  600
4  500
0  100
4  500
9  1000
2  300
4  500
1  200
2  300
3  400
5  600
0  100
3  400
1  200
10  1100
2  300
1  200
1  200
0  100
4  500
1  200
2  300
3  400
5  600
2  300
5  600
4  500
4  500
5  600
0  100
2  300
1  200
22  2300
4  500
7  800
3  400
11  1200
0  100
1  200
1  200
5  600
5  600
3  400
13  1400
6  700
1  200
0  100
6  700
5  600
0  100
4  500
2  300
3  400
0  100
1  200
0  100
3  400
2  300
4  500
6  700
2  300
4  500
4  500
0  100
20  2100
4  500
3  400
1  200
3  400
3  400
0  100
33  3400
2  300
1  200
2  300
11  1200
2  300
0  100
2  300
0  100
5  600
4  500
4  500
0  100
5  600
2  300
2  300
2  300
2  300
0  100
2  300
0  100
2  300
3  400
2  300
1  200
1  200
11  1200
3  400
4  500
3  400
1  200
9  1000
1  200
2  300
5  600
1  200
4  500
1  200
3  400
5  600
4  500
1  200
3  400
5  600
2  300
1  200
4  500
2  300
11  1200
4  500
2  300
5  600
1  200
7  800
1  200
2  300
2  300
3  400
22  2300
11  1200
6  700
5  600
0  100
1  200
3  400
2  300
7  800
2  300
0  100
4  500
0  100
2  300
2  300
1  200
1  200
0  100
5  600
4  500
0  100
0  100
2  300
12  1300
4  500
8  900
4  500
7  800
2  300
1  200
2  300
3  400
4  500
4  500
12  1300
1  200
3  400
2  300
3  400
3  400
0  100
4  500
total gen: 1938 | total tests: 243700
