number of indvs: 100 indvs by region: 50
18  1900
5  600
3  400
1  200
0  100
6  700
3  400
4  500
27  2800
4  500
2  300
25  2600
2  300
1  200
3  400
2  300
29  3000
1  200
4  500
2  300
3  400
0  100
18  1900
3  400
0  100
21  2200
2  300
0  100
3  400
5  600
3  400
5  600
4  500
8  900
4  500
3  400
0  100
4  500
24  2500
1  200
0  100
2  300
2  300
53  5400
3  400
9  1000
18  1900
1  200
0  100
6  700
20  2100
31  3200
4  500
22  2300
27  2800
4  500
0  100
2  300
0  100
2  300
14  1500
26  2700
21  2200
2  300
4  500
14  1500
0  100
1  200
4  500
4  500
3  400
0  100
19  2000
6  700
0  100
7  800
5  600
4  500
3  400
4  500
28  2900
3  400
2  300
24  2500
1  200
24  2500
0  100
21  2200
22  2300
7  800
8  900
4  500
2  300
2  300
4  500
3  400
20  2100
2  300
4  500
0  100
2  300
15  1600
3  400
18  1900
3  400
0  100
16  1700
4  500
27  2800
3  400
4  500
1  200
2  300
19  2000
0  100
2  300
0  100
3  400
7  800
3  400
2  300
7  800
4  500
3  400
2  300
3  400
1  200
19  2000
3  400
4  500
1  200
22  2300
4  500
1  200
22  2300
8  900
7  800
2  300
6  700
3  400
0  100
5  600
30  3100
27  2800
4  500
21  2200
6  700
5  600
8  900
2  300
2  300
3  400
26  2700
3  400
1  200
0  100
0  100
2  300
0  100
1  200
4  500
2  300
25  2600
1  200
4  500
5  600
19  2000
1  200
3  400
5  600
27  2800
1  200
21  2200
4  500
7  800
18  1900
0  100
3  400
3  400
4  500
2  300
4  500
1  200
0  100
2  300
23  2400
23  2400
4  500
27  2800
3  400
0  100
1  200
4  500
3  400
24  2500
2  300
2  300
1  200
28  2900
7  800
3  400
0  100
25  2600
20  2100
3  400
19  2000
0  100
0  100
2  300
4  500
27  2800
8  900
0  100
0  100
28  2900
5  600
23  2400
5  600
20  2100
4  500
4  500
0  100
3  400
4  500
2  300
2  300
2  300
3  400
25  2600
2  300
0  100
3  400
3  400
6  700
21  2200
20  2100
2  300
3  400
3  400
0  100
8  900
20  2100
3  400
22  2300
2  300
1  200
2  300
17  1800
2  300
0  100
0  100
20  2100
2  300
2  300
0  100
1  200
26  2700
0  100
1  200
19  2000
2  300
3  400
2  300
4  500
4  500
3  400
2  300
1  200
0  100
21  2200
2  300
0  100
5  600
6  700
23  2400
23  2400
2  300
21  2200
18  1900
0  100
5  600
7  800
7  800
4  500
25  2600
3  400
21  2200
1  200
4  500
23  2400
9  1000
7  800
23  2400
1  200
19  2000
4  500
3  400
3  400
0  100
8  900
0  100
0  100
22  2300
5  600
3  400
3  400
7  800
33  3400
20  2100
0  100
3  400
4  500
30  3100
4  500
3  400
8  900
6  700
4  500
22  2300
8  900
0  100
3  400
1  200
21  2200
2  300
27  2800
0  100
0  100
7  800
0  100
3  400
2  300
0  100
3  400
0  100
2  300
1  200
4  500
0  100
5  600
0  100
0  100
2  300
0  100
8  900
3  400
0  100
2  300
0  100
3  400
4  500
20  2100
1  200
0  100
3  400
6  700
24  2500
2  300
3  400
1  200
1  200
2  300
0  100
4  500
2  300
2  300
20  2100
0  100
0  100
1  200
3  400
3  400
4  500
8  900
19  2000
4  500
1  200
3  400
2  300
16  1700
30  3100
5  600
0  100
3  400
6  700
5  600
7  800
4  500
3  400
0  100
22  2300
3  400
0  100
3  400
3  400
23  2400
0  100
17  1800
6  700
29  3000
0  100
4  500
0  100
2  300
1  200
5  600
2  300
5  600
5  600
5  600
1  200
15  1600
20  2100
23  2400
4  500
1  200
2  300
3  400
3  400
24  2500
21  2200
3  400
2  300
5  600
1  200
0  100
19  2000
3  400
0  100
20  2100
6  700
1  200
1  200
29  3000
25  2600
3  400
3  400
0  100
18  1900
3  400
27  2800
2  300
5  600
17  1800
19  2000
4  500
0  100
21  2200
2  300
1  200
29  3000
2  300
0  100
2  300
23  2400
3  400
3  400
3  400
2  300
23  2400
4  500
2  300
7  800
0  100
2  300
2  300
24  2500
4  500
8  900
5  600
18  1900
5  600
2  300
2  300
4  500
2  300
1  200
2  300
3  400
2  300
3  400
1  200
2  300
4  500
4  500
1  200
8  900
2  300
20  2100
27  2800
19  2000
5  600
3  400
0  100
3  400
26  2700
4  500
1  200
5  600
4  500
total gen: 3597 | total tests: 409600
