number of indvs: 99 indvs by region: 33
3  396
3  396
3  396
3  396
3  396
3  396
1  198
1  198
2  297
3  396
3  396
3  396
3  396
1  198
0  99
2  297
1  198
0  99
0  99
1  198
2  297
3  396
4  495
1  198
3  396
1  198
5  594
0  99
0  99
2  297
0  99
3  396
3  396
3  396
1  198
0  99
4  495
4  495
1  198
3  396
3  396
3  396
2  297
2  297
2  297
0  99
4  495
3  396
3  396
0  99
3  396
2  297
2  297
1  198
3  396
4  495
0  99
3  396
1  198
1  198
1  198
3  396
2  297
0  99
0  99
3  396
4  495
1  198
2  297
2  297
1  198
0  99
4  495
2  297
3  396
1  198
2  297
5  594
2  297
2  297
1  198
0  99
2  297
3  396
2  297
2  297
2  297
2  297
2  297
3  396
1  198
3  396
2  297
1  198
4  495
2  297
4  495
3  396
3  396
3  396
2  297
3  396
4  495
2  297
2  297
4  495
2  297
3  396
3  396
3  396
2  297
0  99
3  396
3  396
4  495
3  396
4  495
0  99
2  297
2  297
3  396
4  495
1  198
4  495
3  396
3  396
3  396
3  396
3  396
2  297
2  297
0  99
3  396
4  495
0  99
3  396
3  396
3  396
0  99
0  99
4  495
2  297
4  495
4  495
4  495
4  495
4  495
3  396
5  594
0  99
3  396
4  495
3  396
3  396
3  396
0  99
3  396
2  297
1  198
2  297
2  297
4  495
0  99
3  396
4  495
3  396
4  495
2  297
3  396
1  198
0  99
3  396
0  99
1  198
4  495
3  396
3  396
2  297
0  99
3  396
4  495
3  396
3  396
0  99
3  396
1  198
2  297
3  396
4  495
4  495
0  99
1  198
4  495
4  495
2  297
1  198
3  396
1  198
3  396
1  198
3  396
3  396
3  396
4  495
1  198
5  594
4  495
0  99
2  297
0  99
3  396
4  495
2  297
5  594
1  198
0  99
2  297
0  99
4  495
4  495
21  2178
4  495
5  594
3  396
3  396
0  99
2  297
4  495
5  594
3  396
4  495
3  396
5  594
2  297
0  99
2  297
1  198
3  396
3  396
2  297
4  495
1  198
1  198
5  594
2  297
0  99
0  99
3  396
4  495
2  297
4  495
1  198
1  198
2  297
4  495
0  99
3  396
4  495
4  495
1  198
3  396
2  297
3  396
2  297
0  99
0  99
0  99
0  99
3  396
4  495
3  396
3  396
4  495
4  495
2  297
1  198
2  297
4  495
3  396
3  396
2  297
2  297
3  396
4  495
1  198
2  297
1  198
3  396
3  396
0  99
1  198
2  297
4  495
1  198
3  396
2  297
1  198
2  297
3  396
3  396
2  297
4  495
2  297
4  495
3  396
0  99
3  396
1  198
3  396
3  396
1  198
4  495
1  198
2  297
2  297
5  594
1  198
4  495
3  396
3  396
1  198
3  396
2  297
4  495
4  495
3  396
3  396
4  495
1  198
3  396
3  396
3  396
2  297
3  396
0  99
4  495
3  396
5  594
1  198
3  396
0  99
2  297
0  99
2  297
3  396
1  198
4  495
2  297
0  99
2  297
3  396
2  297
0  99
3  396
4  495
2  297
5  594
4  495
0  99
3  396
20  2079
5  594
0  99
1  198
4  495
2  297
3  396
0  99
3  396
5  594
5  594
0  99
0  99
2  297
5  594
4  495
23  2376
5  594
3  396
3  396
2  297
3  396
2  297
5  594
2  297
4  495
1  198
3  396
4  495
4  495
2  297
1  198
1  198
2  297
3  396
2  297
0  99
3  396
1  198
3  396
2  297
3  396
2  297
4  495
2  297
2  297
2  297
2  297
3  396
4  495
2  297
3  396
1  198
3  396
4  495
1  198
2  297
2  297
3  396
3  396
0  99
2  297
4  495
1  198
2  297
4  495
5  594
21  2178
4  495
3  396
2  297
3  396
3  396
1  198
3  396
2  297
1  198
1  198
3  396
3  396
4  495
3  396
3  396
3  396
2  297
4  495
2  297
4  495
1  198
2  297
2  297
2  297
0  99
2  297
4  495
2  297
4  495
0  99
2  297
0  99
3  396
3  396
3  396
0  99
4  495
2  297
1  198
2  297
3  396
2  297
5  594
4  495
4  495
3  396
1  198
4  495
4  495
2  297
3  396
4  495
2  297
1  198
1  198
2  297
2  297
1  198
4  495
3  396
3  396
0  99
1  198
3  396
1  198
0  99
2  297
2  297
0  99
1  198
2  297
4  495
total gen: 1258 | total tests: 173943
