number of indvs: 100 indvs by region: 25
17  1800
3  400
4  500
5  600
3  400
3  400
3  400
2  300
3  400
5  600
3  400
3  400
1  200
2  300
3  400
2  300
3  400
3  400
4  500
4  500
3  400
6  700
3  400
2  300
0  100
1  200
6  700
3  400
3  400
19  2000
21  2200
2  300
4  500
4  500
2  300
3  400
4  500
3  400
4  500
1  200
2  300
1  200
1  200
3  400
1  200
3  400
4  500
1  200
0  100
2  300
5  600
4  500
4  500
26  2700
0  100
5  600
4  500
2  300
19  2000
26  2700
1  200
2  300
2  300
3  400
3  400
0  100
1  200
20  2100
1  200
21  2200
3  400
4  500
8  900
2  300
4  500
2  300
2  300
1  200
2  300
0  100
3  400
3  400
1  200
2  300
0  100
6  700
3  400
2  300
6  700
2  300
3  400
2  300
2  300
1  200
4  500
0  100
1  200
28  2900
1  200
3  400
3  400
19  2000
2  300
0  100
1  200
4  500
3  400
1  200
4  500
1  200
2  300
26  2700
3  400
4  500
7  800
5  600
0  100
6  700
15  1600
1  200
4  500
0  100
0  100
26  2700
24  2500
1  200
2  300
2  300
22  2300
2  300
7  800
19  2000
19  2000
4  500
5  600
2  300
2  300
2  300
6  700
2  300
2  300
2  300
2  300
2  300
6  700
5  600
1  200
4  500
5  600
3  400
2  300
2  300
3  400
1  200
4  500
2  300
0  100
2  300
17  1800
20  2100
19  2000
9  1000
24  2500
2  300
3  400
24  2500
3  400
4  500
4  500
22  2300
4  500
25  2600
2  300
4  500
0  100
0  100
19  2000
5  600
3  400
4  500
6  700
3  400
1  200
3  400
1  200
2  300
4  500
3  400
2  300
6  700
0  100
27  2800
10  1100
0  100
0  100
4  500
3  400
2  300
18  1900
1  200
29  3000
1  200
3  400
5  600
2  300
1  200
2  300
6  700
3  400
2  300
1  200
2  300
0  100
2  300
3  400
21  2200
3  400
4  500
4  500
1  200
4  500
3  400
0  100
4  500
6  700
5  600
5  600
1  200
3  400
3  400
3  400
2  300
3  400
19  2000
4  500
5  600
2  300
0  100
0  100
5  600
19  2000
2  300
2  300
24  2500
0  100
1  200
3  400
4  500
5  600
2  300
5  600
1  200
6  700
3  400
0  100
2  300
2  300
22  2300
0  100
3  400
3  400
1  200
6  700
0  100
3  400
3  400
4  500
1  200
20  2100
15  1600
5  600
2  300
4  500
9  1000
0  100
2  300
4  500
2  300
4  500
2  300
3  400
5  600
8  900
4  500
1  200
3  400
2  300
1  200
22  2300
9  1000
0  100
2  300
2  300
2  300
5  600
9  1000
1  200
2  300
3  400
23  2400
0  100
0  100
0  100
3  400
3  400
3  400
2  300
1  200
2  300
4  500
2  300
6  700
0  100
17  1800
1  200
27  2800
1  200
1  200
1  200
2  300
2  300
2  300
20  2100
2  300
4  500
1  200
2  300
2  300
3  400
0  100
4  500
1  200
21  2200
2  300
21  2200
2  300
20  2100
3  400
22  2300
1  200
1  200
2  300
2  300
2  300
2  300
4  500
2  300
2  300
2  300
4  500
1  200
1  200
2  300
2  300
3  400
17  1800
4  500
24  2500
4  500
23  2400
0  100
3  400
2  300
3  400
4  500
5  600
0  100
2  300
1  200
7  800
3  400
3  400
3  400
3  400
21  2200
2  300
0  100
4  500
1  200
5  600
0  100
4  500
0  100
4  500
2  300
0  100
5  600
3  400
1  200
0  100
0  100
2  300
17  1800
3  400
4  500
0  100
4  500
2  300
18  1900
4  500
2  300
4  500
4  500
4  500
3  400
3  400
2  300
1  200
4  500
0  100
4  500
5  600
2  300
3  400
2  300
22  2300
2  300
2  300
16  1700
3  400
2  300
18  1900
1  200
3  400
3  400
2  300
2  300
2  300
24  2500
3  400
3  400
3  400
3  400
0  100
2  300
3  400
25  2600
2  300
4  500
4  500
4  500
7  800
0  100
3  400
17  1800
3  400
24  2500
4  500
2  300
1  200
2  300
3  400
2  300
0  100
7  800
24  2500
1  200
1  200
6  700
2  300
2  300
1  200
23  2400
19  2000
1  200
4  500
3  400
20  2100
3  400
3  400
4  500
4  500
1  200
3  400
5  600
0  100
21  2200
4  500
0  100
25  2600
2  300
1  200
0  100
1  200
4  500
21  2200
3  400
3  400
6  700
5  600
3  400
25  2600
3  400
2  300
2  300
16  1700
3  400
0  100
2  300
3  400
total gen: 2550 | total tests: 304900
