number of indvs: 100 indvs by region: 20
3  400
1  200
3  400
4  500
1  200
3  400
4  500
1  200
5  600
3  400
0  100
4  500
1  200
3  400
4  500
3  400
6  700
3  400
2  300
2  300
0  100
1  200
3  400
4  500
3  400
2  300
5  600
2  300
4  500
4  500
4  500
3  400
4  500
5  600
4  500
3  400
3  400
3  400
3  400
3  400
3  400
3  400
24  2500
2  300
2  300
1  200
1  200
3  400
2  300
3  400
0  100
2  300
2  300
5  600
2  300
3  400
3  400
1  200
4  500
2  300
0  100
2  300
3  400
2  300
25  2600
2  300
4  500
1  200
3  400
2  300
2  300
5  600
24  2500
2  300
2  300
3  400
2  300
3  400
1  200
0  100
5  600
0  100
2  300
3  400
0  100
1  200
2  300
1  200
4  500
2  300
5  600
4  500
3  400
0  100
2  300
3  400
3  400
2  300
4  500
3  400
2  300
4  500
5  600
3  400
2  300
3  400
2  300
2  300
3  400
3  400
3  400
4  500
3  400
4  500
1  200
4  500
1  200
3  400
4  500
4  500
2  300
1  200
3  400
4  500
1  200
3  400
4  500
3  400
22  2300
3  400
3  400
2  300
3  400
3  400
0  100
1  200
2  300
3  400
1  200
0  100
2  300
3  400
3  400
3  400
4  500
0  100
3  400
1  200
4  500
3  400
5  600
1  200
3  400
2  300
4  500
3  400
0  100
4  500
2  300
2  300
1  200
0  100
1  200
3  400
4  500
0  100
2  300
1  200
1  200
4  500
3  400
2  300
0  100
3  400
3  400
3  400
3  400
1  200
24  2500
2  300
0  100
3  400
3  400
4  500
3  400
2  300
3  400
3  400
2  300
3  400
4  500
3  400
4  500
3  400
2  300
4  500
3  400
3  400
3  400
4  500
5  600
4  500
1  200
3  400
2  300
3  400
2  300
3  400
4  500
4  500
3  400
3  400
3  400
2  300
3  400
2  300
4  500
3  400
0  100
4  500
3  400
2  300
3  400
2  300
2  300
3  400
4  500
0  100
4  500
2  300
3  400
3  400
0  100
20  2100
3  400
3  400
3  400
3  400
2  300
3  400
3  400
2  300
0  100
5  600
4  500
3  400
3  400
3  400
0  100
4  500
3  400
3  400
3  400
4  500
4  500
1  200
4  500
2  300
3  400
4  500
4  500
1  200
3  400
3  400
1  200
4  500
0  100
3  400
3  400
2  300
4  500
23  2400
2  300
2  300
1  200
2  300
3  400
2  300
4  500
3  400
4  500
3  400
0  100
4  500
4  500
1  200
4  500
2  300
4  500
4  500
3  400
0  100
2  300
1  200
1  200
4  500
4  500
1  200
3  400
2  300
4  500
3  400
3  400
4  500
1  200
26  2700
3  400
1  200
3  400
0  100
3  400
4  500
0  100
0  100
3  400
4  500
4  500
3  400
3  400
3  400
3  400
3  400
0  100
4  500
0  100
3  400
3  400
0  100
3  400
4  500
4  500
3  400
3  400
2  300
3  400
0  100
3  400
3  400
2  300
26  2700
2  300
2  300
4  500
0  100
0  100
0  100
0  100
2  300
0  100
1  200
2  300
3  400
3  400
2  300
2  300
3  400
3  400
3  400
4  500
2  300
3  400
4  500
4  500
3  400
1  200
4  500
2  300
1  200
1  200
2  300
3  400
4  500
4  500
1  200
4  500
5  600
4  500
3  400
0  100
1  200
4  500
3  400
2  300
4  500
3  400
5  600
2  300
3  400
4  500
1  200
3  400
3  400
3  400
1  200
3  400
4  500
5  600
5  600
3  400
1  200
2  300
4  500
2  300
3  400
4  500
1  200
3  400
4  500
20  2100
4  500
3  400
23  2400
2  300
3  400
1  200
0  100
4  500
2  300
4  500
3  400
4  500
1  200
1  200
4  500
3  400
2  300
1  200
4  500
24  2500
3  400
0  100
2  300
0  100
3  400
4  500
4  500
2  300
3  400
3  400
2  300
0  100
1  200
0  100
4  500
3  400
3  400
1  200
2  300
4  500
3  400
2  300
3  400
3  400
3  400
2  300
2  300
5  600
2  300
2  300
3  400
1  200
5  600
2  300
2  300
3  400
0  100
2  300
1  200
3  400
1  200
1  200
4  500
2  300
2  300
3  400
1  200
3  400
2  300
3  400
5  600
0  100
1  200
4  500
3  400
3  400
4  500
1  200
3  400
3  400
3  400
2  300
2  300
4  500
4  500
1  200
2  300
3  400
1  200
0  100
4  500
total gen: 1526 | total tests: 202500
