number of indvs: 96 indvs by region: 16
21  2112
5  576
25  2496
3  384
3  384
7  768
5  576
6  672
27  2688
0  96
5  576
9  960
3  384
3  384
3  384
5  576
5  576
1  192
0  96
0  96
1  192
5  576
0  96
3  384
4  480
4  480
0  96
21  2112
2  288
0  96
19  1920
5  576
1  192
3  384
2  288
2  288
1  192
21  2112
3  384
3  384
7  768
3  384
1  192
5  576
2  288
4  480
0  96
7  768
2  288
2  288
5  576
4  480
23  2304
4  480
19  1920
10  1056
4  480
0  96
0  96
4  480
7  768
3  384
23  2304
23  2304
8  864
0  96
3  384
0  96
2  288
4  480
5  576
3  384
2  288
4  480
1  192
3  384
4  480
4  480
5  576
2  288
2  288
2  288
7  768
0  96
2  288
2  288
11  1152
3  384
4  480
7  768
2  288
2  288
2  288
3  384
4  480
1  192
3  384
3  384
3  384
3  384
5  576
3  384
15  1536
0  96
0  96
4  480
4  480
3  384
2  288
5  576
3  384
4  480
4  480
5  576
2  288
6  672
2  288
3  384
3  384
3  384
23  2304
4  480
10  1056
1  192
2  288
4  480
0  96
2  288
2  288
2  288
2  288
3  384
1  192
4  480
3  384
4  480
22  2208
4  480
10  1056
4  480
2  288
5  576
2  288
0  96
18  1824
3  384
2  288
7  768
5  576
3  384
3  384
5  576
3  384
5  576
9  960
0  96
2  288
0  96
23  2304
0  96
1  192
0  96
14  1440
1  192
3  384
3  384
5  576
3  384
2  288
22  2208
2  288
2  288
7  768
6  672
2  288
4  480
1  192
17  1728
1  192
0  96
2  288
6  672
2  288
4  480
2  288
1  192
1  192
2  288
3  384
0  96
1  192
5  576
1  192
12  1248
3  384
2  288
5  576
7  768
25  2496
3  384
6  672
4  480
22  2208
2  288
0  96
5  576
4  480
22  2208
2  288
20  2016
5  576
1  192
3  384
0  96
2  288
2  288
4  480
0  96
5  576
3  384
5  576
3  384
20  2016
0  96
3  384
5  576
2  288
0  96
3  384
1  192
4  480
5  576
2  288
3  384
11  1152
4  480
1  192
1  192
4  480
0  96
0  96
26  2592
4  480
0  96
3  384
4  480
3  384
3  384
4  480
0  96
26  2592
3  384
3  384
5  576
3  384
2  288
3  384
7  768
7  768
2  288
24  2400
2  288
1  192
4  480
0  96
12  1248
1  192
0  96
3  384
2  288
2  288
2  288
6  672
26  2592
0  96
8  864
6  672
7  768
4  480
3  384
4  480
4  480
3  384
1  192
12  1248
10  1056
14  1440
1  192
3  384
4  480
2  288
3  384
3  384
0  96
2  288
2  288
3  384
21  2112
0  96
19  1920
3  384
3  384
5  576
0  96
3  384
4  480
2  288
6  672
5  576
2  288
2  288
2  288
9  960
0  96
1  192
0  96
4  480
1  192
0  96
4  480
5  576
4  480
2  288
3  384
3  384
1  192
21  2112
21  2112
3  384
0  96
6  672
5  576
3  384
6  672
2  288
0  96
2  288
4  480
19  1920
0  96
1  192
3  384
3  384
2  288
2  288
4  480
4  480
4  480
0  96
3  384
5  576
3  384
5  576
3  384
3  384
1  192
0  96
3  384
4  480
24  2400
5  576
0  96
25  2496
23  2304
3  384
4  480
13  1344
2  288
2  288
19  1920
2  288
0  96
10  1056
3  384
6  672
12  1248
5  576
17  1728
0  96
3  384
3  384
0  96
0  96
3  384
3  384
1  192
5  576
1  192
18  1824
3  384
2  288
4  480
3  384
6  672
25  2496
4  480
5  576
18  1824
3  384
2  288
3  384
3  384
23  2304
9  960
3  384
8  864
7  768
2  288
25  2496
11  1152
4  480
2  288
4  480
3  384
22  2208
4  480
3  384
2  288
0  96
1  192
9  960
4  480
9  960
5  576
2  288
9  960
5  576
8  864
0  96
6  672
4  480
10  1056
3  384
0  96
29  2880
0  96
0  96
1  192
3  384
1  192
7  768
26  2592
20  2016
5  576
5  576
0  96
3  384
2  288
20  2016
5  576
24  2400
1  192
5  576
3  384
5  576
3  384
2  288
1  192
2  288
4  480
25  2496
0  96
2  288
16  1632
2  288
1  192
1  192
3  384
0  96
2  288
3  384
4  480
0  96
4  480
2  288
20  2016
0  96
3  384
0  96
11  1152
4  480
1  192
0  96
2  288
3  384
0  96
19  1920
5  576
0  96
4  480
1  192
2  288
2  288
4  480
5  576
3  384
3  384
4  480
0  96
0  96
total gen: 2555 | total tests: 293184
