number of indvs: 99 indvs by region: 11
0  99
2  297
3  396
4  495
0  99
2  297
0  99
3  396
36  3663
4  495
13  1386
5  594
5  594
3  396
2  297
4  495
6  693
4  495
3  396
0  99
1  198
0  99
3  396
1  198
0  99
3  396
4  495
4  495
2  297
8  891
3  396
0  99
0  99
4  495
2  297
2  297
4  495
10  1089
4  495
4  495
3  396
0  99
0  99
4  495
12  1287
1  198
7  792
16  1683
24  2475
0  99
5  594
3  396
3  396
2  297
4  495
2  297
3  396
2  297
0  99
1  198
1  198
6  693
3  396
5  594
2  297
2  297
5  594
3  396
0  99
4  495
5  594
3  396
2  297
0  99
8  891
3  396
5  594
4  495
4  495
1  198
2  297
0  99
1  198
2  297
3  396
2  297
2  297
4  495
4  495
0  99
0  99
3  396
1  198
1  198
0  99
2  297
3  396
4  495
2  297
3  396
4  495
5  594
3  396
3  396
3  396
1  198
3  396
2  297
0  99
1  198
2  297
2  297
1  198
2  297
5  594
3  396
5  594
3  396
0  99
5  594
3  396
4  495
1  198
0  99
0  99
11  1188
2  297
2  297
3  396
2  297
4  495
0  99
6  693
3  396
1  198
4  495
3  396
2  297
2  297
4  495
3  396
3  396
3  396
2  297
3  396
3  396
4  495
4  495
4  495
0  99
0  99
1  198
0  99
8  891
3  396
2  297
0  99
3  396
2  297
2  297
3  396
3  396
19  1980
3  396
5  594
2  297
2  297
5  594
2  297
1  198
3  396
7  792
4  495
3  396
3  396
2  297
0  99
3  396
3  396
0  99
4  495
1  198
3  396
4  495
2  297
0  99
4  495
0  99
3  396
3  396
1  198
4  495
2  297
4  495
8  891
5  594
2  297
2  297
4  495
2  297
3  396
3  396
4  495
5  594
2  297
4  495
1  198
9  990
5  594
2  297
2  297
3  396
2  297
4  495
6  693
3  396
3  396
1  198
2  297
0  99
5  594
3  396
8  891
12  1287
0  99
2  297
3  396
3  396
0  99
4  495
2  297
4  495
2  297
5  594
6  693
3  396
1  198
3  396
9  990
0  99
2  297
3  396
5  594
2  297
30  3069
1  198
3  396
2  297
3  396
5  594
0  99
3  396
3  396
4  495
2  297
23  2376
2  297
4  495
5  594
2  297
2  297
4  495
3  396
11  1188
1  198
0  99
1  198
2  297
5  594
6  693
0  99
2  297
0  99
3  396
1  198
3  396
0  99
3  396
1  198
4  495
5  594
3  396
3  396
1  198
2  297
1  198
3  396
4  495
3  396
6  693
0  99
3  396
0  99
3  396
1  198
1  198
4  495
3  396
0  99
7  792
3  396
5  594
9  990
1  198
4  495
4  495
5  594
3  396
2  297
2  297
2  297
5  594
5  594
2  297
4  495
0  99
4  495
2  297
3  396
3  396
3  396
2  297
3  396
6  693
3  396
1  198
1  198
3  396
4  495
3  396
2  297
6  693
3  396
1  198
3  396
2  297
4  495
2  297
3  396
0  99
2  297
0  99
3  396
0  99
2  297
0  99
0  99
5  594
4  495
8  891
2  297
2  297
5  594
3  396
4  495
0  99
0  99
3  396
3  396
2  297
4  495
0  99
4  495
19  1980
3  396
3  396
4  495
3  396
5  594
2  297
4  495
2  297
2  297
0  99
3  396
4  495
4  495
2  297
4  495
2  297
3  396
0  99
4  495
13  1386
4  495
3  396
3  396
2  297
3  396
2  297
0  99
4  495
3  396
2  297
2  297
4  495
2  297
3  396
3  396
12  1287
0  99
3  396
2  297
5  594
3  396
4  495
3  396
3  396
1  198
2  297
4  495
1  198
2  297
1  198
2  297
3  396
2  297
2  297
4  495
2  297
4  495
3  396
3  396
4  495
0  99
2  297
4  495
3  396
16  1683
1  198
2  297
1  198
4  495
1  198
3  396
3  396
3  396
0  99
3  396
4  495
0  99
4  495
2  297
6  693
2  297
2  297
2  297
8  891
2  297
3  396
3  396
2  297
0  99
10  1089
5  594
0  99
2  297
3  396
2  297
1  198
5  594
2  297
31  3168
1  198
3  396
2  297
2  297
3  396
2  297
0  99
3  396
2  297
21  2178
4  495
2  297
2  297
5  594
7  792
4  495
3  396
2  297
3  396
5  594
4  495
8  891
2  297
3  396
3  396
3  396
3  396
4  495
3  396
0  99
0  99
3  396
5  594
15  1584
0  99
0  99
4  495
total gen: 1653 | total tests: 213048
