number of indvs: 48 indvs by region: 12
23  1152
6  336
4  240
0  48
1  96
5  288
7  384
3  192
17  864
2  144
5  288
5  288
29  1440
3  192
2  144
4  240
6  336
26  1296
2  144
3  192
5  288
17  864
17  864
19  960
25  1248
7  384
9  480
9  480
36  1776
18  912
0  48
0  48
9  480
24  1200
25  1248
5  288
5  288
5  288
8  432
3  192
5  288
9  480
2  144
5  288
10  528
29  1440
2  144
21  1056
7  384
0  48
5  288
25  1248
21  1056
19  960
25  1248
2  144
23  1152
4  240
23  1152
4  240
2  144
3  192
22  1104
4  240
9  480
25  1248
26  1296
1  96
4  240
6  336
2  144
3  192
25  1248
1  96
6  336
1  96
7  384
4  240
0  48
8  432
6  336
6  336
4  240
22  1104
30  1488
4  240
6  336
1  96
6  336
0  48
3  192
20  1008
1  96
9  480
9  480
7  384
22  1104
19  960
31  1536
5  288
14  720
31  1536
5  288
29  1440
2  144
24  1200
18  912
23  1152
3  192
25  1248
1  96
7  384
4  240
9  480
24  1200
24  1200
5  288
2  144
2  144
32  1584
0  48
10  528
0  48
5  288
4  240
5  288
21  1056
0  48
3  192
31  1536
6  336
2  144
4  240
4  240
3  192
8  432
2  144
15  768
22  1104
29  1440
3  192
24  1200
6  336
4  240
4  240
26  1296
20  1008
19  960
20  1008
4  240
29  1440
21  1056
4  240
2  144
4  240
6  336
11  576
28  1392
6  336
0  48
5  288
20  1008
1  96
22  1104
27  1344
19  960
4  240
4  240
26  1296
4  240
4  240
4  240
2  144
4  240
21  1056
3  192
20  1008
12  624
2  144
17  864
21  1056
0  48
4  240
9  480
3  192
3  192
3  192
21  1056
6  336
18  912
4  240
5  288
5  288
2  144
4  240
2  144
17  864
4  240
20  1008
3  192
3  192
3  192
5  288
2  144
3  192
5  288
8  432
4  240
4  240
26  1296
4  240
6  336
10  528
22  1104
5  288
1  96
6  336
2  144
4  240
30  1488
4  240
4  240
6  336
3  192
24  1200
29  1440
24  1200
4  240
5  288
2  144
6  336
2  144
26  1296
23  1152
5  288
2  144
5  288
6  336
11  576
5  288
0  48
6  336
1  96
5  288
5  288
4  240
25  1248
25  1248
19  960
9  480
21  1056
6  336
0  48
11  576
6  336
11  576
28  1392
0  48
20  1008
5  288
9  480
0  48
20  1008
5  288
3  192
24  1200
7  384
4  240
24  1200
25  1248
23  1152
1  96
2  144
4  240
7  384
19  960
25  1248
20  1008
2  144
5  288
27  1344
22  1104
3  192
4  240
28  1392
25  1248
3  192
3  192
0  48
1  96
8  432
22  1104
23  1152
47  2304
5  288
5  288
22  1104
3  192
4  240
26  1296
4  240
21  1056
29  1440
24  1200
16  816
5  288
30  1488
1  96
1  96
18  912
3  192
3  192
23  1152
8  432
3  192
25  1248
22  1104
25  1248
7  384
22  1104
3  192
2  144
4  240
6  336
30  1488
4  240
6  336
3  192
11  576
19  960
4  240
27  1344
2  144
10  528
7  384
1  96
3  192
4  240
5  288
2  144
4  240
6  336
4  240
0  48
30  1488
19  960
3  192
21  1056
0  48
21  1056
9  480
0  48
5  288
11  576
0  48
3  192
5  288
1  96
0  48
31  1536
4  240
4  240
23  1152
29  1440
24  1200
5  288
25  1248
3  192
10  528
2  144
4  240
22  1104
5  288
26  1296
29  1440
4  240
22  1104
3  192
1  96
7  384
22  1104
3  192
3  192
2  144
41  2016
21  1056
2  144
1  96
1  96
25  1248
3  192
7  384
0  48
23  1152
0  48
2  144
4  240
32  1584
3  192
24  1200
2  144
6  336
0  48
17  864
0  48
3  192
3  192
0  48
18  912
12  624
3  192
5  288
5  288
4  240
4  240
8  432
3  192
0  48
3  192
4  240
4  240
14  720
1  96
12  624
3  192
22  1104
5  288
2  144
26  1296
3  192
23  1152
24  1200
4  240
2  144
2  144
8  432
20  1008
26  1296
3  192
5  288
3  192
31  1536
10  528
7  384
39  1920
5  288
0  48
0  48
4  240
0  48
19  960
7  384
7  384
0  48
2  144
17  864
3  192
25  1248
3  192
3  192
25  1248
6  336
32  1584
3  192
18  912
41  2016
3  192
25  1248
24  1200
23  1152
7  384
22  1104
5  288
3  192
32  1584
3  192
7  384
6  336
3  192
10  528
2  144
23  1152
35  1728
23  1152
24  1200
28  1392
20  1008
10  528
5  288
0  48
30  1488
5  288
4  240
1  96
24  1200
22  1104
19  960
26  1296
6  336
3  192
total gen: 5336 | total tests: 280080
