number of indvs: 45 indvs by region: 5
19  900
2  135
2  135
3  180
3  180
10  495
0  45
3  180
24  1125
0  45
3  180
25  1170
2  135
1  90
13  630
4  225
24  1125
26  1215
4  225
5  270
4  225
2  135
20  945
5  270
7  360
3  180
1  90
7  360
14  675
14  675
5  270
13  630
7  360
4  225
5  270
4  225
6  315
32  1485
16  765
23  1080
25  1170
33  1530
19  900
23  1080
13  630
6  315
13  630
4  225
3  180
14  675
6  315
13  630
3  180
5  270
5  270
19  900
7  360
25  1170
5  270
2  135
1  90
0  45
21  990
1  90
2  135
2  135
23  1080
4  225
4  225
5  270
5  270
3  180
1  90
5  270
5  270
21  990
6  315
18  855
23  1080
9  450
2  135
31  1440
5  270
2  135
19  900
4  225
0  45
4  225
8  405
3  180
6  315
6  315
0  45
4  225
3  180
33  1530
3  180
11  540
5  270
1  90
7  360
6  315
11  540
6  315
6  315
17  810
25  1170
3  180
1  90
3  180
4  225
4  225
4  225
2  135
5  270
15  720
28  1305
18  855
3  180
3  180
3  180
3  180
3  180
0  45
9  450
3  180
5  270
24  1125
7  360
32  1485
4  225
5  270
1  90
5  270
7  360
5  270
5  270
12  585
14  675
12  585
5  270
4  225
4  225
28  1305
5  270
4  225
19  900
17  810
4  225
22  1035
5  270
29  1350
6  315
3  180
14  675
16  765
3  180
20  945
4  225
22  1035
4  225
20  945
3  180
22  1035
19  900
0  45
1  90
8  405
24  1125
1  90
11  540
5  270
6  315
4  225
6  315
3  180
2  135
36  1665
15  720
8  405
0  45
16  765
6  315
3  180
11  540
7  360
23  1080
6  315
0  45
3  180
4  225
0  45
3  180
3  180
21  990
4  225
4  225
3  180
1  90
6  315
17  810
5  270
5  270
4  225
5  270
6  315
17  810
19  900
1  90
1  90
34  1575
16  765
2  135
6  315
25  1170
7  360
4  225
27  1260
9  450
5  270
7  360
24  1125
3  180
3  180
22  1035
13  630
11  540
5  270
4  225
3  180
4  225
2  135
15  720
31  1440
1  90
4  225
27  1260
4  225
0  45
4  225
4  225
5  270
9  450
8  405
0  45
3  180
4  225
1  90
21  990
4  225
7  360
11  540
20  945
39  1800
21  990
2  135
0  45
6  315
25  1170
9  450
4  225
6  315
3  180
7  360
19  900
21  990
5  270
6  315
4  225
3  180
4  225
3  180
10  495
0  45
2  135
1  90
7  360
26  1215
12  585
4  225
23  1080
5  270
8  405
17  810
8  405
5  270
14  675
6  315
5  270
4  225
2  135
19  900
27  1260
4  225
5  270
17  810
0  45
5  270
3  180
4  225
17  810
5  270
8  405
6  315
7  360
42  1935
6  315
4  225
3  180
2  135
7  360
3  180
0  45
7  360
27  1260
2  135
3  180
17  810
1  90
34  1575
0  45
1  90
14  675
3  180
16  765
2  135
26  1215
15  720
7  360
20  945
5  270
1  90
2  135
2  135
27  1260
3  180
3  180
20  945
3  180
8  405
4  225
17  810
2  135
5  270
4  225
14  675
0  45
1  90
6  315
6  315
1  90
4  225
2  135
8  405
3  180
21  990
3  180
24  1125
1  90
4  225
22  1035
2  135
6  315
8  405
0  45
0  45
17  810
10  495
3  180
9  450
5  270
3  180
6  315
15  720
5  270
5  270
3  180
24  1125
14  675
5  270
3  180
14  675
23  1080
2  135
5  270
4  225
0  45
13  630
30  1395
2  135
4  225
0  45
1  90
0  45
6  315
4  225
4  225
1  90
13  630
3  180
2  135
25  1170
4  225
3  180
17  810
2  135
10  495
0  45
8  405
3  180
20  945
7  360
3  180
16  765
20  945
2  135
16  765
7  360
0  45
2  135
3  180
3  180
5  270
4  225
7  360
4  225
14  675
36  1665
32  1485
22  1035
4  225
20  945
4  225
9  450
3  180
2  135
29  1350
2  135
0  45
8  405
3  180
7  360
2  135
0  45
6  315
3  180
5  270
5  270
9  450
13  630
22  1035
4  225
21  990
5  270
7  360
2  135
5  270
3  180
3  180
2  135
5  270
4  225
2  135
4  225
5  270
1  90
1  90
25  1170
0  45
2  135
5  270
7  360
10  495
13  630
2  135
5  270
4  225
24  1125
8  405
17  810
17  810
3  180
8  405
4  225
4  225
3  180
0  45
2  135
8  405
5  270
3  180
3  180
2  135
5  270
11  540
4  225
4  225
17  810
2  135
2  135
total gen: 4289 | total tests: 215460
