4.7531  2  300
4.76203  5  600
4.7579  2  300
4.76055  3  400
4.76145  4  500
4.75497  4  500
4.76055  3  400
4.76095  3  400
4.76113  3  400
4.7601  4  500
4.76066  3  400
4.75624  3  400
4.76224  3  400
4.76214  4  500
4.75702  3  400
4.76066  3  400
4.76183  4  500
4.75278  3  400
4.76172  4  500
4.76105  2  300
4.75952  5  600
4.76122  4  500
4.7618  5  600
4.75406  3  400
4.75663  2  300
4.75583  3  400
4.76208  2  300
4.76219  2  300
4.75902  4  500
4.75931  5  600
4.75959  3  400
4.76223  1  200
4.76076  2  300
4.76146  4  500
4.75558  3  400
4.75917  1  200
4.76166  5  600
4.75541  3  400
4.75278  1  200
4.76033  3  400
4.76223  5  600
4.75872  1  200
4.75558  2  300
4.76222  3  400
4.7579  3  400
4.76183  3  400
4.7579  1  200
4.76212  3  400
4.76113  5  600
4.75702  4  500
4.76121  4  500
4.75774  3  400
4.75887  3  400
4.76213  5  600
4.75985  3  400
4.75985  1  200
4.76095  3  400
4.76153  3  400
4.75377  3  400
4.75959  4  500
4.75718  2  300
4.75718  2  300
4.76033  2  300
4.76105  1  200
4.7547  1  200
4.76193  4  500
4.75328  3  400
4.75663  2  300
4.76215  5  600
4.7568  3  400
4.76205  2  300
4.76214  3  400
4.76197  3  400
4.7558  4  500
4.75856  3  400
4.75972  4  500
4.75718  2  300
4.75583  1  200
4.76145  1  200
4.76208  2  300
4.76201  4  500
4.76193  2  300
4.7531  2  300
4.75328  3  400
4.76076  3  400
4.76145  4  500
4.75663  2  300
4.76065  4  500
4.76223  4  500
4.76212  3  400
4.75985  1  200
4.75641  3  400
4.76205  1  200
4.75583  1  200
4.76193  1  200
4.75406  1  200
4.75931  3  400
4.76223  4  500
4.76066  2  300
4.75601  4  500
4.75641  2  300
4.76021  4  500
4.75808  2  300
4.75887  3  400
4.76022  1  200
4.75377  3  400
4.75931  4  500
4.76076  2  300
4.76218  5  600
4.76214  5  600
4.75738  2  300
4.76095  4  500
4.75931  2  300
4.75808  4  500
4.75377  4  500
4.76219  2  300
4.75945  3  400
4.7531  2  300
4.76166  1  200
4.75738  1  200
4.75641  1  200
4.76076  3  400
4.76104  4  500
4.76219  1  200
4.76122  3  400
4.75841  3  400
4.75872  1  200
4.76183  3  400
4.76076  2  300
4.76066  2  300
4.76193  2  300
4.75972  3  400
4.76145  4  500
4.76212  3  400
4.76222  3  400
4.76209  4  500
4.75841  4  500
4.75377  3  400
4.75683  4  500
4.76145  1  200
4.76177  5  600
4.76076  1  200
4.75226  4  500
4.75917  3  400
4.75515  3  400
4.76066  3  400
4.75808  2  300
4.75406  3  400
4.7547  2  300
4.76219  1  200
4.76223  4  500
4.75959  5  600
4.75663  2  300
4.76165  4  500
4.76066  3  400
4.75497  2  300
4.75641  1  200
4.75808  2  300
4.7579  2  300
4.76138  3  400
4.75359  3  400
4.75917  2  300
4.76171  4  500
4.76076  3  400
4.75902  3  400
4.75985  2  300
4.7579  1  200
4.75663  2  300
4.76076  1  200
4.75583  3  400
4.76166  3  400
4.76205  2  300
4.75497  2  300
4.76166  3  400
4.7622  3  400
4.75841  3  400
4.75985  1  200
4.75406  1  200
4.76183  4  500
4.76208  2  300
4.75558  2  300
4.76212  4  500
4.75985  1  200
4.7547  2  300
4.76166  3  400
4.76193  4  500
4.76076  1  200
4.76219  1  200
4.75917  1  200
4.76223  2  300
4.76113  2  300
4.76195  5  600
4.76193  2  300
4.75872  1  200
4.76193  2  300
4.7579  4  500
4.75359  3  400
4.7547  1  200
4.76066  3  400
4.76171  3  400
4.76159  4  500
4.76201  4  500
4.76076  4  500
4.76205  1  200
4.76183  4  500
4.75738  3  400
4.76212  3  400
4.75985  1  200
4.76188  4  500
4.76205  1  200
4.76105  1  200
4.76152  4  500
4.76121  14  1500
4.76219  2  300
4.76223  3  400
4.75856  3  400
4.76224  5  600
4.76022  1  200
4.76224  5  600
4.7601  3  400
4.7531  3  400
4.76055  3  400
4.75738  3  400
4.75931  3  400
4.76223  2  300
4.76022  2  300
4.76044  4  500
4.76223  3  400
4.76223  2  300
4.75683  4  500
4.76222  4  500
4.76105  3  400
4.76205  1  200
4.75334  4  500
4.76193  1  200
4.76217  2  300
4.76217  4  500
4.76205  1  200
4.75497  2  300
4.75972  2  300
4.7547  29  3000
4.7601  3  400
4.76193  2  300
4.75234  4  500
4.76159  4  500
4.76197  3  400
4.75808  3  400
4.76171  2  300
4.75377  3  400
4.76171  2  300
4.75278  3  400
4.75226  4  500
4.76219  1  200
4.75774  3  400
4.75406  4  500
4.76205  3  400
4.75738  1  200
4.75406  3  400
4.75377  2  300
4.75226  3  400
4.75985  4  500
4.76105  1  200
4.76223  1  200
4.76178  4  500
4.75985  1  200
4.75959  4  500
4.76066  3  400
4.76065  4  500
4.76193  1  200
4.76209  4  500
4.75278  2  300
4.75406  2  300
4.75424  3  400
4.76121  4  500
4.75931  2  300
4.76178  3  400
4.76205  1  200
4.76159  4  500
4.75278  1  200
4.76219  3  400
4.76166  3  400
4.76219  1  200
4.76193  4  500
4.76113  2  300
4.75718  3  400
4.76193  5  600
4.75824  4  500
4.7622  3  400
4.75945  3  400
4.7601  4  500
4.76076  1  200
4.76033  2  300
4.75985  2  300
4.76212  3  400
4.76224  3  400
4.76022  3  400
4.75406  1  200
4.76193  1  200
4.76183  3  400
4.7568  3  400
4.76193  1  200
4.76197  4  500
4.76222  5  600
4.76076  1  200
4.76183  4  500
4.76145  2  300
4.76033  3  400
4.76222  3  400
4.76033  2  300
4.76113  3  400
4.76193  4  500
4.76188  2  300
4.76114  4  500
4.75541  4  500
4.76193  2  300
4.75718  2  300
4.75872  1  200
4.76183  4  500
4.76208  3  400
4.76171  3  400
4.75917  1  200
4.76193  1  200
4.76153  4  500
4.76217  2  300
4.76022  1  200
4.76105  2  300
4.75985  2  300
4.75945  4  500
4.76219  1  200
4.76153  3  400
4.7579  2  300
4.76178  3  400
4.75997  4  500
4.76138  2  300
4.76205  1  200
4.76223  2  300
4.76145  1  200
4.76188  2  300
4.75583  3  400
4.75718  2  300
4.75663  2  300
4.76113  2  300
4.75406  2  300
4.76121  5  600
4.76076  1  200
4.76066  3  400
4.76105  3  400
4.75972  2  300
4.75985  1  200
4.75278  2  300
4.76177  4  500
4.7622  4  500
4.76224  9  1000
4.75718  3  400
4.76183  5  600
4.76193  2  300
4.7531  3  400
4.76217  3  400
4.75738  2  300
4.76076  3  400
4.76159  4  500
4.75406  2  300
4.75718  2  300
4.7579  4  500
4.76095  3  400
4.76022  1  200
4.7547  1  200
4.76033  2  300
4.76142  5  600
4.75738  1  200
4.75872  2  300
4.76223  1  200
4.75902  3  400
4.76193  1  200
4.76217  2  300
4.76166  1  200
4.76145  2  300
4.76113  2  300
4.76152  4  500
4.75328  4  500
4.76105  2  300
4.75644  4  500
4.76076  1  200
4.76153  3  400
4.76205  2  300
4.76222  5  600
4.76145  1  200
4.76076  4  500
4.76105  3  400
4.762  18  1900
4.76076  1  200
4.75278  2  300
4.75702  3  400
4.75663  3  400
4.76188  3  400
4.76188  2  300
4.7622  5  600
4.75985  1  200
4.76065  4  500
4.75663  2  300
4.76076  1  200
4.7613  3  400
4.7622  4  500
4.76076  4  500
4.75377  3  400
4.76149  5  600
4.76205  1  200
4.76105  1  200
4.76033  2  300
4.76205  3  400
4.75278  1  200
4.76201  4  500
4.76205  2  300
4.76205  3  400
4.75997  5  600
4.76208  3  400
4.75718  4  500
4.76205  2  300
4.76105  2  300
4.75856  2  300
4.76223  1  200
4.75278  3  400
4.75972  2  300
4.76171  2  300
4.7613  4  500
4.75663  2  300
4.76113  2  300
4.75377  2  300
4.75583  3  400
4.75515  3  400
4.75278  2  300
4.76086  3  400
4.76188  2  300
4.75972  2  300
4.76212  3  400
4.7622  4  500
4.75278  3  400
4.75917  1  200
4.76171  4  500
4.7547  3  400
4.75226  3  400
4.75917  1  200
4.7613  4  500
4.76171  2  300
4.76223  2  300
4.7568  3  400
4.76105  2  300
4.76219  2  300
4.76214  4  500
4.76166  1  200
4.76223  5  600
4.76224  3  400
4.75663  2  300
4.76223  2  300
4.75972  2  300
4.76217  4  500
4.7579  2  300
4.76193  1  200
4.75406  1  200
4.75278  2  300
4.76222  4  500
4.76219  2  300
4.76223  2  300
4.76212  3  400
4.75497  2  300
4.76205  2  300
4.76076  2  300
4.76066  2  300
4.76212  3  400
4.75808  2  300
4.76113  4  500
4.76066  2  300
4.76222  5  600
4.76219  1  200
4.75985  1  200
4.76222  5  600
4.76223  4  500
4.7579  1  200
4.76219  4  500
4.75515  3  400
4.75406  2  300
4.75401  4  500
4.75872  1  200
4.76113  2  300
4.75718  2  300
4.75872  3  400
4.76145  4  500
4.75985  1  200
4.7579  1  200
4.75945  3  400
4.75931  2  300
4.76166  4  500
4.7579  2  300
4.76211  4  500
4.76166  2  300
4.75972  2  300
4.76219  1  200
4.76076  2  300
4.76218  5  600
4.76166  2  300
total gen: 1393 | total tests: 189200
