4.75406  1  100
4.75807  4  250
4.7605  5  300
4.76055  5  300
4.76223  4  250
4.76152  5  300
4.7531  3  200
4.76223  4  250
4.76134  5  300
4.75872  1  100
4.75998  3  200
4.76138  3  200
4.76153  3  200
4.76193  2  150
4.76217  5  300
4.7547  4  250
4.76105  4  250
4.76197  5  300
4.75644  4  250
4.75278  2  150
4.75303  5  300
4.76085  4  250
4.75738  1  100
4.76205  1  100
4.76218  5  300
4.75663  3  200
4.76076  3  200
4.76205  3  200
4.75774  4  250
4.76214  4  250
4.76224  4  250
4.758  16  850
4.76219  3  200
4.76193  5  300
4.76053  12  650
4.76086  5  300
4.76211  4  250
4.7531  3  200
4.75857  20  1050
4.75785  19  1000
4.75438  43  2200
4.75328  4  250
4.75663  3  200
4.76213  46  2350
4.76033  3  200
4.76214  3  200
4.76219  1  100
4.756  3  200
4.76215  5  300
4.76178  4  250
4.76181  5  300
4.75931  2  150
4.76076  1  100
4.75334  4  250
4.76139  25  1300
4.75972  4  250
4.76086  4  250
4.76193  1  100
4.7622  30  1550
4.75624  3  200
4.75702  4  250
4.75497  3  200
4.76223  1  100
4.76076  4  250
4.76172  4  250
4.75259  3  200
4.7579  1  100
4.76085  4  250
4.76159  3  200
4.75493  4  250
4.76076  3  200
4.7622  5  300
4.75857  4  250
4.7578  32  1650
4.76222  3  200
4.76224  4  250
4.75824  4  250
4.76076  2  150
4.7622  5  300
4.76116  6  350
4.76085  4  250
4.76207  5  300
4.75856  3  200
4.76223  4  250
4.76163  26  1350
4.76076  3  200
4.75808  2  150
4.76223  2  150
4.76177  4  250
4.76066  10  550
4.75931  5  300
4.76223  1  100
4.75551  5  300
4.76109  5  300
4.75583  2  150
4.7622  5  300
4.76106  6  350
4.75872  4  250
4.76113  2  150
4.76193  4  250
4.75931  4  250
4.76055  3  200
4.75377  3  200
4.75406  2  150
4.75447  4  250
4.76081  5  300
4.7531  4  250
4.76222  3  200
4.76166  4  250
4.76223  4  250
4.76197  4  250
4.7601  3  200
4.75497  4  250
4.76047  6  350
4.75917  1  100
4.75774  3  200
4.75252  4  250
4.76188  3  200
4.75917  2  150
4.75959  3  200
4.75783  5  300
4.75824  4  250
4.76224  3  200
4.75641  2  150
4.76219  1  100
4.75773  4  250
4.75702  4  250
4.75718  2  150
4.76215  5  300
4.76071  5  300
4.7622  3  200
4.76138  3  200
4.7584  5  300
4.76085  4  250
4.76208  4  250
4.76055  5  300
4.75998  5  300
4.75872  17  900
4.76122  4  250
4.76041  27  1400
4.76195  5  300
4.75824  3  200
4.75702  4  250
4.76104  4  250
4.76085  19  1000
4.76195  32  1650
4.75359  3  200
4.76088  6  350
4.7531  2  150
4.75773  4  250
4.76219  3  200
4.76183  4  250
4.75972  4  250
4.75972  2  150
4.7535  27  1400
4.76193  1  100
4.75972  2  150
4.75757  20  1050
4.75277  32  1650
4.7601  3  200
4.75998  3  200
4.76205  3  200
4.75718  2  150
4.76219  2  150
4.76162  5  300
4.75583  2  150
4.76208  2  150
4.76218  6  350
4.7622  4  250
4.76219  5  300
4.76171  19  1000
4.75237  60  3050
4.75663  2  150
4.76066  4  250
4.7601  3  200
4.76193  4  250
4.76171  3  200
4.75497  3  200
4.75872  3  200
4.76202  4  250
4.76212  6  350
4.76214  5  300
4.76145  4  250
4.76183  3  200
4.75641  1  100
4.75856  2  150
4.76222  6  350
4.76076  4  250
4.76178  3  200
4.7579  3  200
4.75887  3  200
4.75917  3  200
4.75917  2  150
4.76145  2  150
4.76216  5  300
4.76081  5  300
4.75788  24  1250
4.76219  5  300
4.76076  1  100
4.76223  4  250
4.75278  2  150
4.75718  3  200
4.76223  2  150
4.75959  4  250
4.75902  5  300
4.76195  5  300
4.76085  4  250
4.75856  2  150
4.75259  4  250
4.75824  5  300
4.75917  3  200
4.76104  4  250
4.76166  3  200
4.75663  2  150
4.75902  3  200
4.75917  4  250
4.76138  3  200
4.75808  2  150
4.76223  5  300
4.75824  4  250
4.756  3  200
4.75663  3  200
4.76188  3  200
4.76198  16  850
4.75359  4  250
4.76216  4  250
4.75718  5  300
4.7622  23  1200
4.76183  3  200
4.75624  3  200
4.75808  3  200
4.75985  4  250
4.7622  17  900
4.75541  3  200
4.76095  4  250
4.75464  5  300
4.76208  5  300
4.75917  1  100
4.75998  3  200
4.75644  4  250
4.76188  3  200
4.76205  2  150
4.76217  24  1250
4.76166  7  400
4.76203  5  300
4.76223  4  250
4.76113  4  250
4.76213  6  350
4.75278  3  200
4.7531  2  150
4.76066  2  150
4.7622  3  200
4.75998  5  300
4.76211  4  250
4.76224  3  200
4.75641  3  200
4.76188  3  200
4.7579  3  200
4.75718  3  200
4.76003  5  300
4.76193  3  200
4.76095  3  200
4.75601  3  200
4.76221  9  500
4.75773  4  250
4.762  5  300
4.75718  2  150
4.75848  5  300
4.7579  4  250
4.76223  1  100
4.75383  4  250
4.7568  3  200
4.7547  1  100
4.76062  7  400
4.75515  4  250
4.76217  4  250
4.76061  5  300
4.75773  5  300
4.76219  5  300
4.7579  2  150
4.76219  4  250
4.76137  4  250
4.76146  4  250
4.76171  2  150
4.75972  21  1100
4.76214  4  250
4.76071  5  300
4.7579  2  150
4.76203  5  300
4.76209  4  250
4.76219  1  100
4.76159  3  200
4.75738  1  100
4.76138  2  150
4.76181  12  650
4.76217  38  1950
4.75718  2  150
4.75738  16  850
4.76045  4  250
4.76153  4  250
4.75702  18  950
4.76212  4  250
4.76197  3  200
4.75682  24  1250
4.76219  18  950
4.75583  1  100
4.76223  5  300
4.76202  4  250
4.75985  4  250
4.75774  3  200
4.75738  3  200
4.75808  3  200
4.7601  4  250
4.76193  3  200
4.75807  4  250
4.76217  5  300
4.76208  2  150
4.75226  4  250
4.76197  4  250
4.75641  4  250
4.76096  4  250
4.757  5  300
4.76217  3  200
4.76188  2  150
4.76122  3  200
4.75515  4  250
4.76219  1  100
4.75959  3  200
4.75808  3  200
4.75943  14  750
4.76181  12  650
4.76086  4  250
4.76203  5  300
4.75808  2  150
4.75377  4  250
4.76218  6  350
4.75902  4  250
4.76066  2  150
4.76219  1  100
4.76206  27  1400
4.76174  5  300
4.76221  5  300
4.76058  25  1300
4.75985  1  100
4.7579  1  100
4.75872  2  150
4.75931  4  250
4.75738  24  1250
4.76122  3  200
4.76223  5  300
4.76076  2  150
4.76177  5  300
4.76221  5  300
4.76121  4  250
4.75601  3  200
4.75718  2  150
4.76223  5  300
4.76145  1  100
4.76033  3  200
4.76044  5  300
4.75583  4  250
4.76208  3  200
4.76187  26  1350
4.76223  2  150
4.7588  5  300
4.7547  3  200
4.7613  4  250
4.76145  1  100
4.76214  3  200
4.76222  4  250
4.76222  4  250
4.75583  2  150
4.75917  1  100
4.76224  5  300
4.76197  5  300
4.7601  4  250
4.76171  3  200
4.76223  1  100
4.76076  1  100
4.76146  4  250
4.7613  3  200
4.76209  4  250
4.75226  3  200
4.76223  2  150
4.76092  27  1400
4.75774  4  250
4.76219  1  100
4.76074  12  650
4.76163  5  300
4.76201  4  250
4.75226  3  200
4.76122  3  200
4.76145  5  300
4.76114  5  300
4.75663  3  200
4.76161  40  2050
4.76105  4  250
4.75773  4  250
4.75931  4  250
4.76119  43  2200
4.76223  5  300
4.75449  23  1200
4.75978  22  1150
4.76201  3  200
4.76095  4  250
4.76121  4  250
4.76171  2  150
4.76166  2  150
4.75841  3  200
4.75972  4  250
4.75808  2  150
4.76095  3  200
4.7579  4  250
4.76138  4  250
4.75278  1  100
4.76159  3  200
4.76202  6  350
4.76159  3  200
4.75497  4  250
4.75424  3  200
4.75997  4  250
4.75856  12  650
4.75424  3  200
4.76191  5  300
4.75857  5  300
4.75624  3  200
4.75972  3  200
4.75807  4  250
4.76224  16  850
4.76223  2  150
4.76188  35  1800
4.75278  1  100
4.76219  1  100
4.76217  2  150
4.75931  6  350
4.76138  5  300
4.75924  5  300
4.75887  3  200
4.75808  2  150
4.76188  2  150
4.76202  5  300
4.76175  19  1000
4.76022  2  150
4.76122  3  200
4.76138  3  200
4.75436  5  300
4.76061  5  300
4.7584  4  250
4.75718  5  300
4.75791  4  250
4.76223  6  350
4.75379  16  850
4.75985  5  300
4.75452  4  250
4.76033  5  300
4.76085  4  250
4.75902  4  250
4.76113  3  200
4.75917  2  150
4.75997  23  1200
4.76214  4  250
4.76076  2  150
4.76137  4  250
4.75383  4  250
4.76213  6  350
4.75765  34  1750
4.75643  14  750
4.76201  3  200
4.76011  7  400
4.76223  6  350
4.75718  2  150
4.76083  6  350
4.76105  4  250
4.76221  5  300
4.76221  5  300
4.76223  4  250
4.76216  5  300
4.75973  24  1250
4.75738  2  150
4.76159  3  200
4.75945  4  250
4.75663  2  150
4.76205  4  250
4.75774  12  650
4.75641  3  200
4.75424  4  250
4.76208  2  150
4.75972  2  150
4.75972  5  300
4.7601  5  300
4.75969  29  1500
4.76201  4  250
4.76055  3  200
4.75808  3  200
4.76219  5  300
4.75972  4  250
4.76214  4  250
4.76028  13  700
4.76076  1  100
4.76207  5  300
total gen: 2885 | total tests: 169200
