25 1300
5 300
5 300
5 300
27 1400
3 200
2 150
3 200
1 100
3 200
4 250
4 250
4 250
2 150
1 100
4 250
2 150
3 200
5 300
4 250
3 200
5 300
18 950
4 250
3 200
2 150
5 300
4 250
2 150
5 300
4 250
2 150
4 250
1 100
3 200
4 250
39 2000
5 300
1 100
4 250
4 250
3 200
6 350
2 150
5 300
4 250
4 250
1 100
3 200
1 100
2 150
3 200
4 250
3 200
5 300
2 150
3 200
3 200
4 250
2 150
1 100
2 150
3 200
3 200
6 350
4 250
2 150
6 350
6 350
4 250
1 100
2 150
4 250
4 250
27 1400
3 200
1 100
5 300
1 100
1 100
3 200
2 150
2 150
2 150
1 100
3 200
4 250
3 200
5 300
5 300
5 300
27 1400
5 300
3 200
27 1400
26 1350
1 100
5 300
2 150
3 200
4 250
4 250
22 1150
1 100
28 1450
1 100
3 200
3 200
4 250
3 200
4 250
4 250
25 1300
4 250
1 100
3 200
2 150
6 350
6 350
1 100
1 100
3 200
4 250
3 200
3 200
5 300
3 200
33 1700
2 150
2 150
13 700
5 300
4 250
1 100
6 350
3 200
4 250
24 1250
2 150
2 150
3 200
4 250
31 1600
39 2000
3 200
1 100
2 150
2 150
4 250
5 300
4 250
2 150
4 250
4 250
2 150
5 300
30 1550
3 200
3 200
4 250
3 200
1 100
1 100
1 100
2 150
2 150
4 250
47 2400
4 250
4 250
4 250
2 150
3 200
2 150
5 300
6 350
2 150
1 100
4 250
2 150
3 200
4 250
3 200
5 300
4 250
2 150
5 300
4 250
3 200
4 250
2 150
2 150
3 200
4 250
4 250
3 200
4 250
2 150
28 1450
6 350
5 300
21 1100
4 250
3 200
4 250
2 150
3 200
6 350
1 100
2 150
5 300
1 100
30 1550
5 300
3 200
2 150
1 100
29 1500
3 200
5 300
2 150
5 300
5 300
3 200
4 250
5 300
1 100
2 150
4 250
6 350
17 900
2 150
3 200
4 250
3 200
3 200
4 250
27 1400
4 250
3 200
4 250
3 200
4 250
3 200
4 250
4 250
5 300
3 200
2 150
4 250
4 250
3 200
2 150
4 250
2 150
5 300
2 150
27 1400
2 150
1 100
4 250
4 250
23 1200
2 150
4 250
4 250
4 250
3 200
4 250
5 300
3 200
4 250
6 350
28 1450
2 150
3 200
4 250
3 200
18 950
3 200
28 1450
3 200
5 300
1 100
4 250
3 200
1 100
4 250
2 150
4 250
3 200
5 300
30 1550
6 350
2 150
4 250
6 350
1 100
4 250
38 1950
3 200
2 150
4 250
3 200
2 150
3 200
22 1150
4 250
3 200
3 200
3 200
2 150
25 1300
4 250
60 3050
4 250
3 200
3 200
27 1400
6 350
2 150
1 100
4 250
4 250
3 200
1 100
6 350
5 300
1 100
3 200
23 1200
4 250
3 200
3 200
3 200
3 200
4 250
6 350
4 250
4 250
1 100
6 350
3 200
5 300
1 100
2 150
3 200
5 300
3 200
27 1400
4 250
3 200
4 250
31 1600
1 100
4 250
30 1550
2 150
3 200
3 200
35 1800
3 200
5 300
4 250
2 150
2 150
6 350
48 2450
3 200
5 300
5 300
5 300
4 250
3 200
2 150
1 100
4 250
2 150
3 200
4 250
3 200
2 150
4 250
5 300
2 150
4 250
1 100
1 100
5 300
3 200
25 1300
3 200
2 150
2 150
3 200
4 250
3 200
2 150
5 300
4 250
5 300
4 250
2 150
4 250
4 250
4 250
18 950
4 250
45 2300
3 200
3 200
3 200
4 250
4 250
4 250
4 250
1 100
1 100
3 200
3 200
5 300
5 300
2 150
2 150
3 200
5 300
2 150
5 300
5 300
3 200
3 200
4 250
1 100
4 250
5 300
1 100
3 200
3 200
3 200
3 200
1 100
4 250
4 250
25 1300
23 1200
3 200
2 150
1 100
5 300
5 300
1 100
6 350
4 250
5 300
2 150
4 250
2 150
3 200
1 100
16 850
4 250
4 250
22 1150
2 150
5 300
2 150
15 800
26 1350
3 200
26 1350
2 150
1 100
3 200
4 250
5 300
3 200
6 350
5 300
3 200
3 200
1 100
4 250
6 350
19 1000
33 1700
3 200
14 750
26 1350
3 200
4 250
2 150
29 1500
3 200
4 250
3 200
5 300
2 150
3 200
4 250
5 300
total gen: 2993 | total tests: 174600
