number of indvs: 50 indvs by region: 5
2  150
28  1450
10  550
10  550
5  300
4  250
27  1400
5  300
7  400
20  1050
2  150
4  250
19  1000
0  50
19  1000
18  950
34  1750
6  350
4  250
19  1000
5  300
4  250
4  250
2  150
10  550
5  300
3  200
4  250
5  300
4  250
5  300
5  300
4  250
4  250
2  150
24  1250
2  150
5  300
5  300
5  300
29  1500
4  250
6  350
4  250
11  600
4  250
4  250
0  50
5  300
6  350
1  100
17  900
2  150
6  350
6  350
4  250
1  100
6  350
3  200
21  1100
20  1050
1  100
0  50
21  1100
26  1350
1  100
6  350
2  150
10  550
7  400
7  400
9  500
41  2100
2  150
4  250
0  50
4  250
19  1000
2  150
20  1050
2  150
5  300
7  400
3  200
22  1150
5  300
8  450
5  300
2  150
21  1100
7  400
4  250
21  1100
22  1150
14  750
4  250
7  400
0  50
6  350
3  200
3  200
15  800
4  250
1  100
3  200
7  400
2  150
3  200
9  500
4  250
13  700
4  250
7  400
9  500
2  150
11  600
31  1600
2  150
3  200
14  750
9  500
5  300
5  300
16  850
4  250
3  200
10  550
37  1900
0  50
32  1650
4  250
16  850
7  400
4  250
2  150
23  1200
7  400
6  350
16  850
5  300
21  1100
17  900
17  900
11  600
1  100
10  550
11  600
3  200
9  500
29  1500
3  200
5  300
11  600
5  300
4  250
1  100
0  50
14  750
4  250
23  1200
11  600
15  800
5  300
4  250
1  100
11  600
1  100
9  500
2  150
19  1000
6  350
27  1400
5  300
20  1050
13  700
6  350
13  700
6  350
4  250
5  300
3  200
6  350
4  250
1  100
2  150
3  200
5  300
7  400
0  50
4  250
21  1100
22  1150
0  50
25  1300
4  250
10  550
4  250
4  250
19  1000
25  1300
21  1100
3  200
3  200
26  1350
10  550
24  1250
5  300
10  550
3  200
4  250
6  350
4  250
3  200
4  250
8  450
20  1050
18  950
6  350
19  1000
22  1150
5  300
4  250
3  200
15  800
6  350
2  150
27  1400
22  1150
1  100
1  100
23  1200
11  600
6  350
5  300
18  950
4  250
26  1350
3  200
2  150
10  550
5  300
3  200
4  250
16  850
28  1450
0  50
2  150
24  1250
3  200
5  300
5  300
4  250
3  200
0  50
24  1250
0  50
5  300
6  350
6  350
20  1050
29  1500
9  500
26  1350
19  1000
6  350
2  150
8  450
22  1150
8  450
20  1050
20  1050
7  400
17  900
5  300
36  1850
20  1050
15  800
41  2100
5  300
4  250
5  300
14  750
14  750
31  1600
7  400
15  800
15  800
19  1000
10  550
6  350
2  150
4  250
5  300
17  900
4  250
11  600
6  350
5  300
8  450
0  50
4  250
4  250
8  450
5  300
6  350
4  250
34  1750
7  400
0  50
22  1150
6  350
6  350
3  200
34  1750
24  1250
2  150
1  100
4  250
3  200
16  850
21  1100
11  600
3  200
6  350
8  450
4  250
13  700
22  1150
5  300
6  350
4  250
15  800
36  1850
3  200
10  550
22  1150
31  1600
20  1050
6  350
3  200
2  150
4  250
21  1100
2  150
18  950
4  250
2  150
6  350
18  950
3  200
2  150
16  850
23  1200
11  600
3  200
2  150
7  400
0  50
2  150
5  300
3  200
6  350
2  150
27  1400
1  100
0  50
19  1000
5  300
6  350
2  150
12  650
3  200
19  1000
37  1900
3  200
1  100
33  1700
3  200
3  200
16  850
10  550
5  300
20  1050
5  300
5  300
3  200
7  400
4  250
16  850
5  300
5  300
28  1450
11  600
5  300
4  250
0  50
2  150
6  350
3  200
5  300
22  1150
0  50
4  250
30  1550
15  800
12  650
3  200
11  600
3  200
1  100
19  1000
3  200
12  650
13  700
30  1550
11  600
18  950
16  850
11  600
5  300
17  900
1  100
4  250
17  900
0  50
7  400
14  750
4  250
28  1450
6  350
2  150
10  550
3  200
7  400
23  1200
5  300
6  350
3  200
5  300
22  1150
14  750
2  150
0  50
16  850
4  250
4  250
12  650
1  100
8  450
2  150
2  150
26  1350
1  100
3  200
2  150
8  450
8  450
1  100
5  300
5  300
3  200
10  550
27  1400
6  350
28  1450
17  900
2  150
2  150
4  250
0  50
12  650
25  1300
28  1450
1  100
37  1900
3  200
0  50
10  550
4  250
6  350
12  650
23  1200
6  350
3  200
4  250
1  100
4  250
1  100
17  900
6  350
16  850
3  200
25  1300
5  300
3  200
20  1050
2  150
6  350
9  500
1  100
total gen: 4743 | total tests: 262100
