number of indvs: 50 indvs by region: 25
25  1300
4  250
23  1200
27  1400
21  1100
3  200
4  250
5  300
5  300
22  1150
3  200
2  150
23  1200
24  1250
22  1150
6  350
5  300
1  100
22  1150
26  1350
1  100
23  1200
1  100
4  250
19  1000
25  1300
29  1500
24  1250
2  150
24  1250
27  1400
1  100
28  1450
2  150
4  250
4  250
6  350
7  400
3  200
8  450
26  1350
1  100
17  900
6  350
22  1150
7  400
3  200
6  350
4  250
26  1350
0  50
0  50
25  1300
24  1250
20  1050
8  450
5  300
24  1250
17  900
23  1200
23  1200
23  1200
6  350
20  1050
5  300
18  950
3  200
23  1200
20  1050
24  1250
26  1350
23  1200
25  1300
3  200
22  1150
4  250
3  200
7  400
22  1150
0  50
22  1150
19  1000
6  350
6  350
19  1000
7  400
4  250
3  200
7  400
9  500
28  1450
2  150
27  1400
3  200
4  250
25  1300
24  1250
24  1250
5  300
15  800
2  150
3  200
0  50
24  1250
4  250
27  1400
26  1350
0  50
4  250
9  500
1  100
1  100
26  1350
5  300
6  350
28  1450
6  350
0  50
22  1150
5  300
1  100
1  100
29  1500
7  400
2  150
8  450
6  350
5  300
19  1000
10  550
32  1650
7  400
6  350
6  350
3  200
27  1400
20  1050
21  1100
20  1050
26  1350
28  1450
31  1600
26  1350
27  1400
2  150
26  1350
3  200
29  1500
26  1350
5  300
24  1250
1  100
7  400
1  100
3  200
18  950
0  50
24  1250
16  850
9  500
3  200
24  1250
43  2200
21  1100
26  1350
9  500
4  250
20  1050
5  300
4  250
0  50
20  1050
0  50
36  1850
29  1500
53  2700
1  100
3  200
26  1350
23  1200
3  200
20  1050
21  1100
21  1100
6  350
0  50
0  50
4  250
4  250
20  1050
31  1600
20  1050
2  150
3  200
3  200
0  50
24  1250
2  150
19  1000
9  500
2  150
23  1200
4  250
3  200
30  1550
23  1200
1  100
0  50
5  300
18  950
32  1650
2  150
1  100
21  1100
31  1600
30  1550
28  1450
0  50
10  550
24  1250
7  400
3  200
37  1900
8  450
0  50
27  1400
2  150
1  100
8  450
27  1400
21  1100
6  350
5  300
3  200
30  1550
27  1400
10  550
4  250
27  1400
25  1300
25  1300
3  200
4  250
4  250
4  250
22  1150
23  1200
9  500
22  1150
5  300
4  250
26  1350
3  200
21  1100
4  250
27  1400
2  150
0  50
28  1450
8  450
7  400
5  300
4  250
27  1400
5  300
4  250
24  1250
26  1350
30  1550
2  150
18  950
5  300
5  300
32  1650
35  1800
10  550
30  1550
20  1050
5  300
1  100
3  200
4  250
30  1550
7  400
18  950
32  1650
23  1200
5  300
25  1300
23  1200
2  150
27  1400
23  1200
5  300
31  1600
1  100
3  200
3  200
26  1350
4  250
1  100
5  300
22  1150
0  50
5  300
19  1000
5  300
5  300
18  950
3  200
24  1250
26  1350
7  400
5  300
23  1200
25  1300
6  350
3  200
6  350
10  550
5  300
6  350
4  250
2  150
6  350
9  500
28  1450
5  300
0  50
26  1350
7  400
25  1300
7  400
4  250
2  150
17  900
19  1000
2  150
24  1250
4  250
5  300
7  400
22  1150
8  450
19  1000
4  250
7  400
22  1150
8  450
5  300
5  300
21  1100
5  300
3  200
22  1150
24  1250
7  400
5  300
27  1400
33  1700
4  250
2  150
22  1150
25  1300
5  300
24  1250
24  1250
2  150
23  1200
8  450
22  1150
25  1300
10  550
5  300
22  1150
25  1300
23  1200
24  1250
25  1300
5  300
23  1200
27  1400
4  250
4  250
22  1150
21  1100
2  150
18  950
20  1050
6  350
20  1050
24  1250
24  1250
24  1250
6  350
10  550
8  450
29  1500
5  300
2  150
6  350
7  400
4  250
3  200
29  1500
31  1600
24  1250
27  1400
2  150
23  1200
22  1150
28  1450
3  200
0  50
4  250
16  850
10  550
20  1050
0  50
30  1550
4  250
24  1250
29  1500
32  1650
4  250
2  150
31  1600
6  350
0  50
5  300
0  50
25  1300
27  1400
3  200
14  750
3  200
24  1250
18  950
24  1250
5  300
7  400
3  200
2  150
19  1000
23  1200
1  100
20  1050
2  150
8  450
8  450
0  50
22  1150
3  200
0  50
1  100
8  450
3  200
21  1100
34  1750
27  1400
5  300
2  150
4  250
4  250
21  1100
5  300
24  1250
8  450
1  100
2  150
11  600
7  400
30  1550
28  1450
21  1100
27  1400
26  1350
0  50
6  350
3  200
9  500
1  100
32  1650
4  250
3  200
3  200
0  50
31  1600
3  200
17  900
20  1050
34  1750
34  1750
27  1400
8  450
23  1200
24  1250
20  1050
24  1250
4  250
total gen: 6697 | total tests: 359800
