number of indvs: 48 indvs by region: 16
1  96
10  528
4  240
4  240
5  288
2  144
4  240
6  336
4  240
4  240
3  192
1  96
3  192
4  240
2  144
5  288
3  192
3  192
4  240
1  96
3  192
4  240
5  288
3  192
4  240
32  1584
28  1392
6  336
3  192
4  240
3  192
4  240
5  288
4  240
4  240
26  1296
3  192
2  144
3  192
4  240
5  288
0  48
24  1200
3  192
4  240
5  288
3  192
2  144
3  192
4  240
0  48
7  384
4  240
5  288
4  240
7  384
4  240
1  96
2  144
19  960
5  288
2  144
2  144
4  240
4  240
5  288
1  96
23  1152
3  192
5  288
4  240
3  192
2  144
2  144
3  192
1  96
5  288
4  240
3  192
3  192
2  144
2  144
0  48
2  144
3  192
0  48
5  288
4  240
3  192
2  144
6  336
6  336
4  240
3  192
3  192
3  192
4  240
3  192
0  48
5  288
1  96
4  240
2  144
29  1440
4  240
7  384
26  1296
4  240
2  144
4  240
4  240
5  288
2  144
1  96
2  144
7  384
6  336
4  240
4  240
2  144
5  288
4  240
2  144
22  1104
3  192
1  96
4  240
6  336
4  240
3  192
3  192
5  288
2  144
2  144
3  192
21  1056
1  96
3  192
4  240
4  240
3  192
5  288
21  1056
3  192
1  96
33  1632
6  336
2  144
4  240
5  288
2  144
0  48
2  144
3  192
5  288
4  240
3  192
2  144
3  192
22  1104
4  240
34  1680
3  192
2  144
1  96
2  144
23  1152
31  1536
6  336
4  240
3  192
1  96
17  864
4  240
4  240
4  240
3  192
2  144
4  240
5  288
2  144
1  96
0  48
6  336
8  432
1  96
3  192
5  288
28  1392
5  288
3  192
2  144
4  240
25  1248
4  240
3  192
6  336
3  192
27  1344
5  288
4  240
22  1104
4  240
3  192
5  288
3  192
2  144
0  48
4  240
18  912
4  240
3  192
3  192
4  240
5  288
3  192
26  1296
25  1248
3  192
3  192
3  192
2  144
4  240
3  192
4  240
2  144
4  240
4  240
3  192
5  288
4  240
1  96
4  240
4  240
2  144
3  192
4  240
4  240
29  1440
4  240
5  288
5  288
4  240
3  192
3  192
2  144
4  240
1  96
3  192
4  240
4  240
4  240
4  240
1  96
4  240
4  240
4  240
3  192
5  288
3  192
4  240
3  192
1  96
1  96
0  48
1  96
4  240
1  96
3  192
4  240
29  1440
4  240
2  144
4  240
5  288
3  192
4  240
3  192
2  144
5  288
4  240
3  192
4  240
2  144
3  192
3  192
4  240
24  1200
4  240
6  336
4  240
4  240
3  192
4  240
0  48
4  240
5  288
4  240
1  96
2  144
3  192
3  192
3  192
3  192
2  144
6  336
4  240
2  144
27  1344
5  288
31  1536
27  1344
5  288
0  48
4  240
4  240
1  96
0  48
4  240
4  240
1  96
1  96
3  192
4  240
0  48
4  240
3  192
4  240
2  144
5  288
5  288
0  48
4  240
3  192
3  192
0  48
3  192
0  48
3  192
6  336
3  192
4  240
4  240
2  144
4  240
39  1920
4  240
3  192
2  144
3  192
4  240
5  288
4  240
24  1200
3  192
4  240
0  48
5  288
5  288
1  96
5  288
1  96
1  96
22  1104
5  288
5  288
6  336
4  240
25  1248
3  192
6  336
0  48
3  192
4  240
5  288
3  192
2  144
3  192
4  240
5  288
3  192
2  144
2  144
2  144
5  288
21  1056
4  240
5  288
3  192
2  144
3  192
1  96
4  240
5  288
5  288
5  288
4  240
0  48
1  96
3  192
1  96
4  240
3  192
24  1200
7  384
3  192
3  192
2  144
5  288
2  144
35  1728
0  48
21  1056
5  288
4  240
3  192
5  288
5  288
4  240
5  288
2  144
22  1104
5  288
4  240
0  48
11  576
3  192
4  240
4  240
4  240
0  48
3  192
5  288
3  192
4  240
5  288
2  144
3  192
4  240
4  240
4  240
4  240
3  192
4  240
2  144
4  240
4  240
0  48
3  192
3  192
3  192
4  240
3  192
3  192
4  240
1  96
0  48
0  48
1  96
3  192
2  144
4  240
5  288
2  144
3  192
24  1200
2  144
3  192
0  48
1  96
4  240
5  288
2  144
3  192
3  192
6  336
4  240
1  96
0  48
1  96
5  288
7  384
5  288
4  240
4  240
6  336
2  144
27  1344
2  144
2  144
1  96
1  96
4  240
3  192
3  192
3  192
3  192
5  288
4  240
3  192
total gen: 2559 | total tests: 146784
