number of indvs: 50 indvs by region: 10
3  200
25  1300
5  300
4  250
4  250
3  200
6  350
3  200
4  250
6  350
0  50
4  250
8  450
5  300
0  50
5  300
5  300
4  250
1  100
5  300
5  300
5  300
3  200
4  250
6  350
2  150
3  200
4  250
5  300
4  250
15  800
3  200
4  250
4  250
4  250
4  250
2  150
0  50
4  250
28  1450
3  200
1  100
4  250
7  400
12  650
4  250
2  150
5  300
2  150
6  350
2  150
24  1250
4  250
5  300
1  100
5  300
4  250
3  200
3  200
5  300
6  350
5  300
2  150
3  200
4  250
5  300
5  300
3  200
4  250
5  300
4  250
3  200
4  250
31  1600
5  300
2  150
5  300
5  300
4  250
4  250
5  300
2  150
1  100
29  1500
5  300
3  200
4  250
3  200
4  250
5  300
3  200
3  200
1  100
4  250
2  150
4  250
3  200
5  300
6  350
2  150
5  300
4  250
0  50
4  250
1  100
4  250
1  100
1  100
4  250
4  250
3  200
4  250
3  200
3  200
3  200
4  250
5  300
3  200
4  250
0  50
5  300
2  150
25  1300
4  250
1  100
1  100
5  300
0  50
4  250
3  200
2  150
26  1350
5  300
4  250
5  300
6  350
2  150
5  300
3  200
3  200
5  300
4  250
3  200
2  150
29  1500
2  150
4  250
13  700
32  1650
4  250
3  200
4  250
3  200
5  300
4  250
5  300
1  100
4  250
4  250
24  1250
2  150
4  250
5  300
4  250
2  150
5  300
3  200
4  250
3  200
3  200
4  250
5  300
5  300
3  200
5  300
0  50
4  250
4  250
2  150
3  200
4  250
4  250
2  150
6  350
1  100
4  250
3  200
4  250
5  300
3  200
4  250
4  250
3  200
5  300
0  50
2  150
3  200
5  300
5  300
10  550
5  300
8  450
5  300
5  300
27  1400
6  350
3  200
5  300
4  250
2  150
1  100
5  300
5  300
1  100
4  250
4  250
3  200
4  250
4  250
2  150
5  300
4  250
3  200
3  200
2  150
5  300
6  350
3  200
4  250
4  250
5  300
5  300
3  200
4  250
3  200
5  300
4  250
1  100
1  100
4  250
5  300
3  200
6  350
0  50
1  100
0  50
25  1300
6  350
22  1150
5  300
5  300
15  800
3  200
4  250
3  200
12  650
6  350
3  200
3  200
1  100
4  250
0  50
2  150
5  300
3  200
3  200
1  100
0  50
6  350
1  100
7  400
3  200
4  250
0  50
5  300
6  350
3  200
3  200
4  250
5  300
2  150
3  200
4  250
3  200
1  100
5  300
3  200
4  250
5  300
6  350
1  100
2  150
1  100
25  1300
5  300
2  150
5  300
2  150
2  150
5  300
5  300
6  350
5  300
2  150
1  100
1  100
1  100
4  250
3  200
26  1350
6  350
1  100
5  300
2  150
2  150
19  1000
2  150
3  200
5  300
3  200
4  250
3  200
4  250
3  200
5  300
1  100
3  200
4  250
3  200
3  200
3  200
1  100
3  200
0  50
6  350
2  150
28  1450
2  150
2  150
4  250
2  150
3  200
5  300
4  250
5  300
3  200
2  150
14  750
3  200
0  50
2  150
3  200
2  150
4  250
5  300
5  300
1  100
0  50
2  150
3  200
2  150
13  700
3  200
4  250
5  300
3  200
2  150
3  200
3  200
11  600
4  250
2  150
0  50
24  1250
4  250
4  250
5  300
1  100
4  250
4  250
2  150
6  350
1  100
4  250
1  100
5  300
4  250
4  250
4  250
4  250
4  250
6  350
13  700
1  100
1  100
4  250
3  200
4  250
3  200
6  350
5  300
5  300
5  300
3  200
1  100
3  200
2  150
25  1300
3  200
1  100
5  300
6  350
4  250
5  300
0  50
3  200
3  200
3  200
2  150
3  200
4  250
0  50
4  250
4  250
13  700
4  250
4  250
1  100
3  200
8  450
0  50
5  300
2  150
5  300
5  300
4  250
3  200
5  300
0  50
3  200
5  300
1  100
4  250
4  250
4  250
2  150
4  250
3  200
3  200
5  300
4  250
4  250
2  150
2  150
4  250
2  150
3  200
7  400
3  200
4  250
3  200
4  250
2  150
3  200
23  1200
4  250
3  200
3  200
4  250
4  250
4  250
3  200
4  250
4  250
7  400
5  300
3  200
5  300
4  250
4  250
32  1650
2  150
2  150
4  250
2  150
5  300
4  250
5  300
4  250
1  100
3  200
0  50
2  150
2  150
5  300
5  300
4  250
2  150
3  200
4  250
total gen: 2295 | total tests: 139700
