number of indvs: 48 indvs by region: 8
6  336
25  1248
11  576
5  288
6  336
20  1008
4  240
17  864
29  1440
17  864
9  480
2  144
4  240
0  48
5  288
22  1104
11  576
21  1056
21  1056
4  240
6  336
4  240
6  336
20  1008
14  720
1  96
6  336
8  432
2  144
1  96
24  1200
16  816
0  48
1  96
8  432
23  1152
3  192
8  432
4  240
0  48
9  480
6  336
21  1056
13  672
5  288
0  48
2  144
0  48
5  288
26  1296
4  240
3  192
5  288
9  480
6  336
0  48
0  48
27  1344
24  1200
8  432
5  288
27  1344
0  48
25  1248
16  816
16  816
5  288
36  1776
4  240
22  1104
13  672
18  912
28  1392
4  240
4  240
5  288
4  240
10  528
2  144
15  768
4  240
5  288
30  1488
4  240
6  336
21  1056
25  1248
32  1584
7  384
2  144
4  240
16  816
20  1008
21  1056
4  240
7  384
0  48
5  288
6  336
3  192
7  384
16  816
15  768
2  144
27  1344
3  192
3  192
10  528
6  336
33  1632
16  816
2  144
21  1056
8  432
31  1536
7  384
17  864
22  1104
27  1344
23  1152
4  240
1  96
16  816
3  192
5  288
3  192
5  288
6  336
0  48
4  240
24  1200
6  336
21  1056
8  432
11  576
21  1056
29  1440
9  480
1  96
3  192
4  240
18  912
3  192
2  144
2  144
3  192
3  192
4  240
7  384
26  1296
21  1056
4  240
21  1056
4  240
24  1200
9  480
5  288
16  816
18  912
4  240
9  480
21  1056
2  144
20  1008
5  288
6  336
21  1056
2  144
4  240
23  1152
27  1344
20  1008
3  192
3  192
2  144
6  336
5  288
24  1200
2  144
11  576
2  144
4  240
22  1104
0  48
23  1152
26  1296
2  144
11  576
4  240
26  1296
7  384
12  624
23  1152
4  240
35  1728
4  240
9  480
27  1344
3  192
28  1392
4  240
2  144
3  192
7  384
6  336
2  144
3  192
3  192
10  528
2  144
9  480
19  960
2  144
29  1440
16  816
4  240
25  1248
17  864
3  192
5  288
23  1152
19  960
4  240
8  432
20  1008
15  768
19  960
4  240
23  1152
5  288
20  1008
51  2496
23  1152
16  816
5  288
9  480
20  1008
4  240
3  192
9  480
26  1296
19  960
3  192
5  288
20  1008
6  336
23  1152
6  336
9  480
2  144
16  816
19  960
1  96
23  1152
9  480
8  432
3  192
0  48
43  2112
20  1008
2  144
30  1488
4  240
13  672
20  1008
25  1248
13  672
20  1008
39  1920
6  336
5  288
10  528
1  96
9  480
2  144
22  1104
5  288
4  240
6  336
22  1104
17  864
3  192
22  1104
21  1056
5  288
20  1008
4  240
1  96
17  864
11  576
6  336
20  1008
4  240
0  48
5  288
20  1008
3  192
7  384
4  240
24  1200
3  192
16  816
4  240
3  192
11  576
25  1248
3  192
6  336
32  1584
2  144
20  1008
9  480
0  48
3  192
1  96
23  1152
5  288
10  528
5  288
6  336
9  480
20  1008
29  1440
20  1008
34  1680
28  1392
28  1392
0  48
1  96
5  288
9  480
14  720
27  1344
2  144
11  576
2  144
27  1344
3  192
3  192
27  1344
29  1440
45  2208
23  1152
18  912
8  432
3  192
15  768
6  336
3  192
22  1104
5  288
15  768
17  864
12  624
5  288
21  1056
11  576
37  1824
8  432
0  48
14  720
23  1152
8  432
9  480
5  288
2  144
5  288
34  1680
18  912
29  1440
22  1104
1  96
15  768
4  240
6  336
1  96
20  1008
24  1200
7  384
4  240
3  192
1  96
7  384
24  1200
23  1152
2  144
6  336
15  768
1  96
3  192
2  144
8  432
32  1584
24  1200
21  1056
5  288
2  144
4  240
0  48
26  1296
0  48
3  192
11  576
11  576
24  1200
4  240
24  1200
21  1056
18  912
3  192
10  528
33  1632
26  1296
33  1632
1  96
33  1632
4  240
2  144
28  1392
27  1344
21  1056
0  48
26  1296
6  336
5  288
2  144
24  1200
5  288
3  192
1  96
4  240
1  96
5  288
21  1056
6  336
0  48
11  576
19  960
5  288
20  1008
29  1440
19  960
22  1104
4  240
11  576
3  192
4  240
3  192
0  48
19  960
3  192
3  192
25  1248
3  192
29  1440
5  288
12  624
3  192
3  192
5  288
3  192
22  1104
0  48
5  288
10  528
27  1344
22  1104
1  96
4  240
5  288
0  48
2  144
29  1440
2  144
2  144
4  240
6  336
3  192
5  288
26  1296
5  288
1  96
3  192
2  144
4  240
6  336
3  192
3  192
3  192
2  144
23  1152
4  240
1  96
4  240
4  240
8  432
5  288
11  576
4  240
7  384
total gen: 5643 | total tests: 294816
