number of indvs: 49 indvs by region: 7
3  196
21  1078
10  539
5  294
11  588
0  49
0  49
3  196
5  294
11  588
3  196
4  245
2  147
4  245
3  196
1  98
4  245
4  245
4  245
20  1029
4  245
1  98
4  245
14  735
2  147
4  245
4  245
5  294
5  294
3  196
3  196
3  196
6  343
16  833
10  539
30  1519
15  784
5  294
4  245
10  539
2  147
5  294
5  294
0  49
10  539
2  147
2  147
3  196
2  147
5  294
19  980
4  245
4  245
5  294
16  833
4  245
5  294
6  343
2  147
3  196
3  196
4  245
25  1274
4  245
0  49
0  49
3  196
2  147
1  98
3  196
3  196
7  392
4  245
3  196
4  245
3  196
1  98
14  735
25  1274
9  490
4  245
4  245
2  147
2  147
5  294
7  392
24  1225
5  294
10  539
0  49
23  1176
1  98
3  196
10  539
7  392
3  196
10  539
14  735
6  343
6  343
6  343
19  980
5  294
6  343
5  294
26  1323
19  980
5  294
4  245
26  1323
4  245
4  245
2  147
10  539
1  98
6  343
4  245
21  1078
16  833
4  245
6  343
3  196
4  245
30  1519
3  196
5  294
1  98
1  98
20  1029
16  833
22  1127
3  196
1  98
25  1274
2  147
3  196
4  245
22  1127
0  49
5  294
4  245
0  49
3  196
3  196
3  196
2  147
0  49
5  294
4  245
6  343
17  882
25  1274
0  49
3  196
3  196
3  196
3  196
30  1519
2  147
2  147
4  245
5  294
3  196
5  294
0  49
2  147
5  294
3  196
4  245
17  882
3  196
4  245
3  196
17  882
4  245
5  294
8  441
0  49
5  294
3  196
28  1421
5  294
18  931
4  245
4  245
23  1176
11  588
4  245
3  196
20  1029
4  245
4  245
2  147
5  294
25  1274
5  294
7  392
4  245
4  245
13  686
2  147
5  294
1  98
19  980
11  588
5  294
4  245
3  196
9  490
6  343
22  1127
4  245
30  1519
2  147
3  196
13  686
3  196
25  1274
3  196
21  1078
3  196
5  294
4  245
4  245
5  294
15  784
3  196
30  1519
4  245
4  245
4  245
16  833
3  196
5  294
3  196
0  49
15  784
4  245
1  98
14  735
4  245
3  196
7  392
0  49
1  98
4  245
19  980
1  98
4  245
2  147
4  245
4  245
4  245
0  49
3  196
5  294
4  245
10  539
20  1029
20  1029
4  245
4  245
20  1029
4  245
4  245
3  196
2  147
1  98
4  245
4  245
3  196
8  441
5  294
0  49
10  539
3  196
1  98
4  245
2  147
5  294
4  245
28  1421
5  294
16  833
25  1274
2  147
2  147
0  49
0  49
3  196
4  245
2  147
5  294
3  196
1  98
3  196
0  49
15  784
11  588
2  147
3  196
30  1519
3  196
4  245
0  49
13  686
4  245
5  294
4  245
4  245
0  49
0  49
0  49
23  1176
4  245
23  1176
1  98
4  245
4  245
2  147
4  245
4  245
2  147
37  1862
5  294
2  147
4  245
2  147
23  1176
0  49
6  343
4  245
6  343
0  49
27  1372
5  294
8  441
4  245
4  245
5  294
2  147
4  245
8  441
10  539
3  196
19  980
3  196
3  196
4  245
6  343
4  245
4  245
4  245
18  931
3  196
3  196
4  245
2  147
10  539
4  245
4  245
10  539
9  490
8  441
1  98
6  343
3  196
10  539
8  441
0  49
4  245
2  147
33  1666
5  294
25  1274
2  147
6  343
15  784
3  196
23  1176
3  196
11  588
21  1078
1  98
2  147
3  196
5  294
4  245
0  49
2  147
3  196
23  1176
2  147
4  245
15  784
4  245
3  196
2  147
1  98
13  686
2  147
3  196
4  245
5  294
5  294
10  539
3  196
5  294
0  49
4  245
7  392
5  294
4  245
4  245
13  686
45  2254
20  1029
6  343
3  196
1  98
2  147
3  196
2  147
6  343
3  196
3  196
4  245
16  833
7  392
4  245
7  392
5  294
5  294
20  1029
15  784
3  196
3  196
1  98
11  588
4  245
19  980
5  294
7  392
3  196
20  1029
1  98
6  343
4  245
3  196
3  196
6  343
5  294
3  196
3  196
5  294
30  1519
4  245
6  343
3  196
3  196
3  196
0  49
3  196
19  980
11  588
7  392
2  147
16  833
0  49
3  196
18  931
1  98
6  343
11  588
5  294
2  147
3  196
6  343
2  147
3  196
4  245
2  147
2  147
3  196
14  735
25  1274
3  196
7  392
5  294
5  294
4  245
3  196
5  294
2  147
3  196
4  245
2  147
3  196
4  245
6  343
total gen: 3421 | total tests: 192080
