number of indvs: 48 indvs by region: 6
34  1680
4  240
5  288
4  240
18  912
4  240
4  240
3  192
25  1248
3  192
2  144
2  144
6  336
1  96
15  768
4  240
3  192
18  912
6  336
3  192
5  288
2  144
6  336
5  288
3  192
16  816
2  144
6  336
25  1248
2  144
31  1536
3  192
3  192
0  48
4  240
5  288
6  336
2  144
1  96
9  480
0  48
4  240
3  192
4  240
3  192
27  1344
3  192
0  48
2  144
2  144
2  144
5  288
2  144
1  96
3  192
6  336
7  384
26  1296
0  48
2  144
3  192
1  96
0  48
5  288
7  384
6  336
3  192
2  144
4  240
1  96
21  1056
3  192
3  192
27  1344
45  2208
7  384
5  288
18  912
25  1248
5  288
3  192
25  1248
2  144
8  432
0  48
5  288
1  96
0  48
2  144
1  96
1  96
21  1056
24  1200
3  192
6  336
4  240
7  384
9  480
3  192
0  48
23  1152
3  192
26  1296
6  336
21  1056
2  144
2  144
0  48
4  240
4  240
1  96
25  1248
2  144
4  240
12  624
0  48
5  288
8  432
2  144
4  240
5  288
4  240
3  192
4  240
3  192
1  96
3  192
4  240
5  288
9  480
4  240
4  240
4  240
6  336
1  96
2  144
3  192
16  816
3  192
0  48
4  240
3  192
3  192
2  144
28  1392
1  96
11  576
3  192
5  288
3  192
3  192
1  96
8  432
2  144
3  192
2  144
3  192
5  288
25  1248
3  192
22  1104
2  144
16  816
5  288
17  864
4  240
5  288
2  144
2  144
0  48
3  192
2  144
4  240
3  192
16  816
0  48
9  480
4  240
23  1152
29  1440
3  192
7  384
3  192
4  240
4  240
46  2256
30  1488
35  1728
4  240
5  288
5  288
5  288
2  144
5  288
3  192
3  192
3  192
5  288
3  192
17  864
2  144
4  240
16  816
5  288
3  192
4  240
5  288
4  240
26  1296
6  336
0  48
2  144
30  1488
18  912
11  576
1  96
10  528
22  1104
2  144
4  240
4  240
5  288
3  192
3  192
3  192
5  288
38  1872
7  384
7  384
37  1824
3  192
3  192
3  192
5  288
2  144
4  240
27  1344
29  1440
4  240
4  240
0  48
15  768
21  1056
4  240
20  1008
6  336
5  288
0  48
19  960
0  48
3  192
5  288
28  1392
3  192
5  288
3  192
4  240
2  144
4  240
5  288
4  240
0  48
2  144
3  192
4  240
4  240
8  432
7  384
3  192
2  144
13  672
4  240
6  336
24  1200
19  960
5  288
3  192
17  864
2  144
4  240
1  96
2  144
5  288
0  48
18  912
16  816
2  144
5  288
6  336
0  48
2  144
2  144
3  192
7  384
4  240
5  288
16  816
4  240
6  336
5  288
3  192
2  144
5  288
4  240
3  192
0  48
4  240
5  288
2  144
0  48
17  864
6  336
3  192
26  1296
4  240
15  768
6  336
5  288
2  144
21  1056
0  48
5  288
2  144
0  48
7  384
3  192
0  48
11  576
1  96
4  240
3  192
25  1248
6  336
2  144
5  288
3  192
0  48
2  144
6  336
2  144
3  192
5  288
19  960
5  288
4  240
2  144
3  192
3  192
5  288
0  48
2  144
3  192
6  336
3  192
5  288
5  288
4  240
4  240
29  1440
3  192
3  192
22  1104
16  816
4  240
4  240
5  288
2  144
2  144
2  144
2  144
3  192
1  96
38  1872
4  240
2  144
3  192
1  96
12  624
7  384
18  912
1  96
2  144
3  192
37  1824
2  144
28  1392
29  1440
3  192
5  288
4  240
3  192
2  144
6  336
1  96
3  192
3  192
3  192
4  240
4  240
6  336
4  240
3  192
4  240
2  144
3  192
4  240
4  240
7  384
3  192
4  240
21  1056
14  720
5  288
5  288
12  624
20  1008
27  1344
12  624
4  240
5  288
3  192
0  48
2  144
1  96
4  240
35  1728
0  48
4  240
2  144
19  960
2  144
4  240
5  288
41  2016
4  240
9  480
11  576
3  192
5  288
9  480
29  1440
3  192
2  144
3  192
4  240
45  2208
25  1248
2  144
3  192
5  288
23  1152
5  288
3  192
5  288
4  240
8  432
2  144
16  816
21  1056
4  240
5  288
5  288
8  432
6  336
4  240
39  1920
5  288
5  288
24  1200
6  336
6  336
4  240
24  1200
3  192
7  384
4  240
29  1440
3  192
4  240
1  96
4  240
2  144
3  192
5  288
8  432
9  480
26  1296
4  240
1  96
16  816
4  240
0  48
4  240
3  192
23  1152
3  192
2  144
23  1152
4  240
23  1152
total gen: 3707 | total tests: 201888
