number of indvs: 98 indvs by region: 14
4  490
1  196
3  392
4  490
2  294
0  98
2  294
4  490
3  392
2  294
1  196
0  98
2  294
4  490
10  1078
3  392
3  392
3  392
2  294
0  98
3  392
0  98
4  490
4  490
2  294
1  196
3  392
3  392
3  392
3  392
1  196
2  294
6  686
4  490
2  294
3  392
3  392
2  294
2  294
1  196
0  98
3  392
0  98
1  196
3  392
2  294
1  196
4  490
2  294
3  392
1  196
1  196
2  294
2  294
4  490
8  882
0  98
2  294
3  392
3  392
4  490
4  490
4  490
3  392
3  392
4  490
3  392
0  98
1  196
1  196
0  98
1  196
0  98
5  588
4  490
3  392
5  588
3  392
0  98
4  490
3  392
1  196
1  196
4  490
2  294
3  392
10  1078
3  392
0  98
3  392
3  392
2  294
1  196
4  490
1  196
6  686
3  392
3  392
3  392
3  392
5  588
1  196
4  490
8  882
2  294
3  392
1  196
4  490
3  392
2  294
1  196
0  98
2  294
9  980
3  392
3  392
2  294
0  98
8  882
2  294
3  392
0  98
5  588
3  392
2  294
2  294
4  490
0  98
2  294
0  98
3  392
2  294
1  196
1  196
0  98
2  294
3  392
3  392
1  196
2  294
4  490
2  294
7  784
1  196
5  588
5  588
4  490
3  392
0  98
4  490
2  294
4  490
3  392
0  98
3  392
10  1078
2  294
2  294
1  196
2  294
3  392
0  98
2  294
3  392
0  98
3  392
5  588
2  294
2  294
2  294
0  98
2  294
0  98
2  294
3  392
5  588
4  490
4  490
3  392
3  392
1  196
4  490
0  98
4  490
4  490
2  294
0  98
3  392
4  490
2  294
4  490
4  490
1  196
5  588
1  196
4  490
2  294
2  294
2  294
1  196
0  98
0  98
4  490
4  490
8  882
1  196
7  784
3  392
0  98
2  294
3  392
2  294
2  294
0  98
4  490
2  294
1  196
0  98
5  588
4  490
3  392
4  490
3  392
4  490
2  294
2  294
3  392
3  392
4  490
1  196
6  686
3  392
4  490
4  490
2  294
5  588
3  392
4  490
4  490
5  588
2  294
1  196
2  294
1  196
4  490
2  294
1  196
2  294
1  196
4  490
2  294
3  392
2  294
0  98
3  392
1  196
2  294
0  98
2  294
2  294
2  294
3  392
1  196
3  392
0  98
2  294
2  294
1  196
3  392
3  392
2  294
2  294
2  294
4  490
1  196
4  490
3  392
3  392
5  588
3  392
4  490
0  98
1  196
1  196
3  392
3  392
5  588
4  490
3  392
5  588
4  490
5  588
4  490
3  392
1  196
4  490
0  98
3  392
13  1372
3  392
2  294
1  196
4  490
3  392
3  392
3  392
2  294
1  196
4  490
3  392
2  294
2  294
4  490
0  98
1  196
3  392
4  490
3  392
1  196
3  392
3  392
3  392
2  294
5  588
4  490
2  294
4  490
3  392
0  98
3  392
0  98
5  588
1  196
0  98
2  294
1  196
1  196
2  294
2  294
0  98
2  294
4  490
4  490
3  392
2  294
11  1176
1  196
4  490
2  294
4  490
3  392
1  196
2  294
3  392
0  98
3  392
0  98
1  196
0  98
3  392
2  294
2  294
6  686
4  490
4  490
3  392
5  588
2  294
3  392
2  294
6  686
4  490
2  294
3  392
1  196
2  294
2  294
2  294
0  98
1  196
3  392
2  294
2  294
5  588
0  98
3  392
4  490
0  98
4  490
3  392
3  392
0  98
2  294
5  588
4  490
3  392
2  294
2  294
2  294
4  490
2  294
4  490
3  392
1  196
2  294
4  490
4  490
1  196
3  392
2  294
5  588
3  392
4  490
5  588
3  392
3  392
3  392
4  490
9  980
2  294
1  196
3  392
3  392
2  294
0  98
4  490
1  196
4  490
2  294
5  588
2  294
3  392
4  490
3  392
3  392
2  294
0  98
2  294
0  98
3  392
3  392
3  392
5  588
4  490
17  1764
3  392
3  392
0  98
3  392
1  196
9  980
0  98
4  490
0  98
4  490
8  882
4  490
3  392
2  294
5  588
2  294
1  196
2  294
3  392
2  294
0  98
0  98
4  490
2  294
1  196
5  588
8  882
2  294
5  588
2  294
3  392
5  588
3  392
0  98
1  196
3  392
4  490
0  98
2  294
4  490
1  196
0  98
3  392
2  294
4  490
0  98
2  294
3  392
0  98
2  294
2  294
2  294
2  294
3  392
4  490
total gen: 1340 | total tests: 180222
