number of indvs: 96 indvs by region: 12
3  384
3  384
1  192
1  192
4  480
3  384
25  2496
2  288
4  480
1  192
1  192
2  288
4  480
4  480
0  96
4  480
2  288
3  384
1  192
3  384
1  192
1  192
32  3168
3  384
5  576
1  192
0  96
2  288
1  192
1  192
1  192
3  384
2  288
22  2208
3  384
3  384
4  480
4  480
4  480
3  384
4  480
2  288
2  288
4  480
4  480
3  384
3  384
3  384
3  384
5  576
2  288
3  384
2  288
3  384
2  288
3  384
6  672
1  192
3  384
4  480
25  2496
5  576
0  96
4  480
2  288
0  96
2  288
2  288
3  384
3  384
1  192
4  480
3  384
5  576
4  480
2  288
3  384
3  384
2  288
2  288
2  288
2  288
13  1344
3  384
2  288
2  288
3  384
1  192
4  480
3  384
5  576
2  288
2  288
1  192
2  288
2  288
0  96
4  480
2  288
2  288
3  384
1  192
3  384
4  480
4  480
4  480
2  288
1  192
7  768
2  288
2  288
3  384
3  384
2  288
3  384
4  480
4  480
2  288
0  96
21  2112
5  576
2  288
3  384
4  480
3  384
4  480
3  384
3  384
4  480
3  384
0  96
0  96
3  384
3  384
3  384
0  96
1  192
3  384
4  480
2  288
4  480
2  288
4  480
3  384
3  384
0  96
1  192
2  288
0  96
4  480
2  288
0  96
1  192
3  384
2  288
2  288
1  192
3  384
3  384
3  384
3  384
0  96
2  288
4  480
4  480
4  480
2  288
4  480
5  576
3  384
0  96
0  96
3  384
3  384
2  288
5  576
2  288
3  384
1  192
3  384
2  288
5  576
3  384
2  288
5  576
5  576
0  96
4  480
5  576
0  96
1  192
2  288
2  288
2  288
17  1728
4  480
2  288
1  192
4  480
0  96
3  384
3  384
2  288
0  96
5  576
2  288
3  384
3  384
3  384
1  192
3  384
5  576
3  384
0  96
1  192
2  288
0  96
4  480
4  480
5  576
1  192
3  384
1  192
3  384
3  384
0  96
4  480
2  288
4  480
1  192
3  384
3  384
0  96
5  576
3  384
3  384
3  384
2  288
4  480
1  192
2  288
2  288
3  384
2  288
0  96
3  384
3  384
3  384
3  384
2  288
4  480
0  96
3  384
3  384
4  480
3  384
3  384
4  480
4  480
3  384
0  96
0  96
2  288
2  288
4  480
3  384
2  288
2  288
1  192
2  288
3  384
3  384
6  672
2  288
5  576
0  96
4  480
0  96
2  288
4  480
1  192
3  384
1  192
1  192
1  192
1  192
1  192
4  480
3  384
3  384
3  384
3  384
6  672
0  96
3  384
4  480
4  480
3  384
14  1440
2  288
3  384
3  384
3  384
3  384
1  192
0  96
3  384
4  480
3  384
2  288
4  480
1  192
0  96
1  192
25  2496
1  192
4  480
3  384
1  192
2  288
0  96
2  288
3  384
2  288
4  480
1  192
3  384
0  96
0  96
4  480
3  384
5  576
1  192
2  288
3  384
3  384
2  288
3  384
4  480
1  192
2  288
4  480
3  384
2  288
1  192
2  288
4  480
2  288
3  384
2  288
3  384
4  480
4  480
0  96
4  480
3  384
2  288
3  384
3  384
2  288
3  384
4  480
4  480
5  576
2  288
0  96
2  288
2  288
1  192
0  96
4  480
1  192
4  480
1  192
3  384
4  480
2  288
4  480
10  1056
4  480
4  480
3  384
3  384
3  384
4  480
0  96
2  288
4  480
2  288
1  192
2  288
2  288
2  288
3  384
2  288
4  480
3  384
5  576
4  480
4  480
0  96
4  480
3  384
3  384
2  288
3  384
3  384
4  480
5  576
3  384
2  288
4  480
3  384
4  480
2  288
0  96
3  384
3  384
3  384
2  288
1  192
23  2304
3  384
3  384
5  576
8  864
4  480
4  480
3  384
4  480
4  480
2  288
16  1632
1  192
1  192
4  480
1  192
2  288
0  96
2  288
0  96
0  96
3  384
1  192
3  384
2  288
4  480
2  288
1  192
4  480
3  384
3  384
0  96
0  96
2  288
2  288
2  288
1  192
2  288
3  384
4  480
4  480
5  576
1  192
4  480
4  480
0  96
3  384
5  576
4  480
3  384
2  288
3  384
1  192
3  384
4  480
3  384
0  96
3  384
1  192
5  576
3  384
1  192
3  384
3  384
22  2208
3  384
0  96
3  384
2  288
1  192
4  480
3  384
3  384
1  192
3  384
2  288
4  480
3  384
6  672
total gen: 1508 | total tests: 192672
